128.00 118.00
128.50 118.00
129.00 118.00
129.50 118.00
130.00 118.00
130.50 118.00
131.00 118.00
131.50 118.00
132.00 118.00
132.50 118.00
133.00 118.00
133.50 118.50
134.00 118.50
134.50 118.50
135.00 118.50
135.50 118.50
136.00 119.00
136.50 119.00
137.00 119.00
137.50 119.00
138.00 119.50
138.50 119.50
139.00 119.50
139.50 120.00
140.00 120.00
140.50 120.50
141.00 120.50
141.50 120.50
142.00 121.00
142.50 121.00
143.00 121.50
143.50 122.00
144.00 122.50
144.50 122.50
145.00 123.00
145.50 123.50
146.00 124.00
146.00 124.50
146.50 125.00
147.00 125.50
147.00 126.00
147.50 126.50
148.00 127.00
148.00 127.50
148.50 128.00
148.50 128.50
149.00 129.00
149.00 129.50
149.50 130.00
149.50 130.50
149.50 131.00
150.00 131.50
150.00 132.00
150.00 132.50
150.50 133.00
150.50 133.50
150.50 134.00
150.50 134.50
150.50 135.00
151.00 135.50
151.00 136.00
151.00 136.50
151.00 137.00
151.00 137.50
151.00 138.00
151.00 138.50
151.00 139.00
151.00 139.50
151.00 140.00
151.00 140.50
151.00 141.00
151.00 141.50
151.00 142.00
151.00 142.50
151.00 143.00
151.00 143.50
151.00 144.00
150.50 144.50
150.50 145.00
150.50 145.50
150.50 146.00
150.50 146.50
150.00 147.00
150.00 147.50
150.00 148.00
150.00 148.50
149.50 149.00
149.50 149.50
149.00 150.00
149.00 150.50
148.50 151.00
148.50 151.50
148.00 152.00
148.00 152.50
147.50 153.00
147.00 153.50
146.50 154.00
146.00 154.50
145.50 155.00
145.00 155.00
144.50 155.50
144.00 156.00
143.50 156.00
143.00 156.50
142.50 156.50
142.00 157.00
141.50 157.00
141.00 157.00
140.50 157.50
140.00 157.50
139.50 157.50
139.00 158.00
138.50 158.00
138.00 158.00
137.50 158.00
137.00 158.00
136.50 158.50
136.00 158.50
135.50 158.50
135.00 158.50
134.50 158.50
134.00 158.50
133.50 158.50
133.00 158.50
132.50 158.50
132.00 158.50
131.50 158.50
131.00 158.50
130.50 158.50
130.00 158.50
129.50 158.50
129.00 158.50
128.50 158.50
128.00 158.50
127.50 158.50
127.00 158.50
126.50 158.00
126.00 158.00
125.50 158.00
125.00 158.00
124.50 157.50
124.00 157.50
123.50 157.50
123.00 157.00
122.50 157.00
122.00 156.50
121.50 156.50
121.00 156.00
120.50 156.00
120.00 155.50
119.50 155.00
119.00 155.00
118.50 154.50
118.00 154.00
117.50 154.00
117.00 153.50
117.00 153.00
116.50 152.50
116.00 152.00
116.00 151.50
115.50 151.00
115.00 150.50
115.00 150.00
115.00 149.50
115.00 149.00
114.50 148.50
114.50 148.00
114.50 147.50
114.00 147.00
114.00 146.50
114.00 146.00
114.00 145.50
114.00 145.00
113.50 144.50
113.50 144.00
113.50 143.50
113.50 143.00
113.50 142.50
113.50 142.00
113.50 141.50
113.50 141.00
113.50 140.50
113.50 140.00
113.00 139.50
113.00 139.00
113.00 138.50
113.00 138.00
113.00 137.50
113.00 137.00
113.00 136.50
113.00 136.00
113.00 135.50
113.50 135.00
113.50 134.50
113.50 134.00
113.50 133.50
113.50 133.00
113.50 132.50
114.00 132.00
114.00 131.50
114.00 131.00
114.50 130.50
114.50 130.00
114.50 129.50
115.00 129.00
115.00 128.50
115.50 128.00
115.50 127.50
116.00 127.00
116.00 126.50
116.50 126.00
117.00 125.50
117.00 125.00
117.50 124.50
118.00 124.00
118.50 123.50
119.00 123.00
119.50 122.50
120.00 122.00
120.50 121.50
121.00 121.00
121.50 121.00
122.00 120.50
122.50 120.00
123.00 119.50
123.50 119.50
124.00 119.50
124.50 119.00
125.00 118.50
125.50 118.50
126.00 118.50
126.50 118.50
127.00 118.00
127.50 118.00
