139.00 116.50
139.50 116.50
140.00 117.00
140.50 117.00
141.00 117.50
141.50 118.00
142.00 118.00
142.50 118.50
143.00 119.00
143.50 119.50
144.00 119.50
144.50 120.00
145.00 120.50
145.00 121.00
145.50 121.50
145.50 122.00
146.00 122.50
146.50 123.00
146.50 123.50
146.50 124.00
147.00 124.50
147.00 125.00
147.00 125.50
147.50 126.00
147.50 126.50
148.00 127.00
148.00 127.50
148.00 128.00
148.50 128.50
148.50 129.00
149.00 129.50
149.00 130.00
149.50 130.50
149.50 131.00
150.00 131.50
150.00 132.00
150.00 132.50
150.00 133.00
150.50 133.50
150.50 134.00
150.50 134.50
150.50 135.00
150.50 135.50
151.00 136.00
151.00 136.50
151.00 137.00
151.00 137.50
151.00 138.00
151.00 138.50
151.00 139.00
150.50 139.50
150.50 140.00
150.50 140.50
150.50 141.00
150.50 141.50
150.50 142.00
150.00 142.50
150.00 143.00
150.00 143.50
150.00 144.00
150.00 144.50
149.50 145.00
149.50 145.50
149.50 146.00
149.00 146.50
149.00 147.00
149.00 147.50
148.50 148.00
148.50 148.50
148.50 149.00
148.00 149.50
148.00 150.00
148.00 150.50
147.50 151.00
147.50 151.50
147.00 152.00
147.00 152.50
146.50 153.00
146.50 153.50
146.00 154.00
145.50 154.50
145.00 155.00
144.50 155.50
144.00 156.00
143.50 156.00
143.00 156.50
142.50 156.50
142.00 157.00
141.50 157.00
141.00 157.00
140.50 157.00
140.00 157.50
139.50 157.50
139.00 157.50
138.50 157.50
138.00 157.50
137.50 157.50
137.00 157.50
136.50 157.50
136.00 157.50
135.50 157.50
135.00 157.50
134.50 157.50
134.00 157.50
133.50 157.50
133.00 157.50
132.50 157.50
132.00 157.50
131.50 157.50
131.00 157.50
130.50 157.50
130.00 157.50
129.50 157.00
129.00 157.00
128.50 157.00
128.00 157.00
127.50 157.00
127.00 157.00
126.50 157.00
126.00 156.50
125.50 156.50
125.00 156.50
124.50 156.50
124.00 156.50
123.50 156.50
123.00 156.00
122.50 156.00
122.00 156.00
121.50 156.00
121.00 155.50
120.50 155.50
120.00 155.50
119.50 155.50
119.00 155.00
118.50 155.00
118.00 155.00
117.50 154.50
117.00 154.50
116.50 154.00
116.00 154.00
115.50 153.50
115.00 153.50
114.50 153.00
114.00 152.50
113.50 152.50
113.00 152.00
112.50 151.50
112.00 151.00
111.50 150.50
111.00 150.00
110.50 149.50
110.00 149.00
109.50 148.50
109.50 148.00
109.00 147.50
108.50 147.00
108.50 146.50
108.50 146.00
108.00 145.50
108.00 145.00
108.00 144.50
107.50 144.00
107.50 143.50
107.50 143.00
107.50 142.50
107.50 142.00
107.50 141.50
107.50 141.00
107.50 140.50
107.50 140.00
107.50 139.50
107.50 139.00
107.50 138.50
107.50 138.00
107.50 137.50
107.50 137.00
108.00 136.50
108.00 136.00
108.00 135.50
108.00 135.00
108.50 134.50
108.50 134.00
108.50 133.50
108.50 133.00
108.50 132.50
109.00 132.00
109.00 131.50
109.00 131.00
109.00 130.50
109.50 130.00
109.50 129.50
109.50 129.00
109.50 128.50
110.00 128.00
110.00 127.50
110.50 127.00
110.50 126.50
110.50 126.00
111.00 125.50
111.50 125.00
111.50 124.50
112.00 124.00
112.50 123.50
113.00 123.00
113.50 122.50
114.00 122.00
114.50 121.50
115.00 121.50
115.50 121.00
116.00 121.00
116.50 120.50
117.00 120.00
117.50 120.00
118.00 119.50
118.50 119.50
119.00 119.00
119.50 118.50
120.00 118.00
120.50 118.00
121.00 118.00
121.50 117.50
122.00 117.00
122.50 116.50
123.00 116.50
123.50 116.00
124.00 116.00
124.50 115.50
125.00 115.50
125.50 115.00
126.00 114.50
126.50 114.50
127.00 114.50
127.50 114.50
128.00 114.00
128.50 114.00
129.00 114.00
129.50 114.00
130.00 114.00
130.50 114.00
131.00 114.00
131.50 114.00
132.00 114.00
132.50 114.00
133.00 114.00
133.50 114.50
134.00 114.50
134.50 114.50
135.00 115.00
135.50 115.00
136.00 115.00
136.50 115.50
137.00 115.50
137.50 116.00
138.00 116.00
138.50 116.00
