135.50 114.00
136.00 114.00
136.50 114.00
137.00 114.50
137.50 114.50
138.00 114.50
138.50 115.00
139.00 115.00
139.50 115.00
140.00 115.50
140.50 115.50
141.00 116.00
141.50 116.50
142.00 116.50
142.50 117.00
143.00 117.00
143.50 117.50
144.00 118.00
144.50 118.50
145.00 118.50
145.50 119.00
146.00 119.50
146.50 120.00
146.50 120.50
147.00 121.00
147.50 121.50
148.00 122.00
148.50 122.50
148.50 123.00
149.00 123.50
149.50 124.00
149.50 124.50
150.00 125.00
150.00 125.50
150.50 126.00
151.00 126.50
151.00 127.00
151.00 127.50
151.50 128.00
151.50 128.50
152.00 129.00
152.00 129.50
152.00 130.00
152.50 130.50
152.50 131.00
152.50 131.50
152.50 132.00
152.50 132.50
152.50 133.00
152.50 133.50
152.50 134.00
152.50 134.50
152.50 135.00
152.50 135.50
152.50 136.00
152.50 136.50
152.50 137.00
152.50 137.50
152.50 138.00
152.50 138.50
152.50 139.00
152.50 139.50
152.50 140.00
152.50 140.50
152.50 141.00
152.50 141.50
152.50 142.00
152.50 142.50
152.50 143.00
152.50 143.50
152.50 144.00
152.50 144.50
152.50 145.00
152.50 145.50
152.00 146.00
152.00 146.50
152.00 147.00
152.00 147.50
151.50 148.00
151.50 148.50
151.00 149.00
151.00 149.50
151.00 150.00
150.50 150.50
150.50 151.00
150.00 151.50
149.50 152.00
149.00 152.50
148.50 153.00
148.00 153.50
148.00 154.00
147.50 154.50
147.00 154.50
146.50 155.00
146.00 155.50
145.50 156.00
145.00 156.00
144.50 156.00
144.00 156.50
143.50 157.00
143.00 157.00
142.50 157.00
142.00 157.50
141.50 157.50
141.00 157.50
140.50 157.50
140.00 157.50
139.50 157.50
139.00 157.50
138.50 157.50
138.00 158.00
137.50 158.00
137.00 158.00
136.50 157.50
136.00 157.50
135.50 157.50
135.00 157.50
134.50 157.50
134.00 157.50
133.50 157.50
133.00 157.50
132.50 157.00
132.00 157.00
131.50 157.00
131.00 157.00
130.50 157.00
130.00 156.50
129.50 156.50
129.00 156.50
128.50 156.00
128.00 156.00
127.50 156.00
127.00 155.50
126.50 155.50
126.00 155.00
125.50 155.00
125.00 154.50
124.50 154.50
124.00 154.50
123.50 154.00
123.00 154.00
122.50 153.50
122.00 153.00
121.50 153.00
121.00 152.50
120.50 152.50
120.00 152.00
119.50 151.50
119.00 151.50
118.50 151.00
118.00 150.50
117.50 150.00
117.00 150.00
116.50 149.50
116.00 149.00
115.50 148.50
115.00 148.00
114.50 147.50
114.00 147.00
113.50 146.50
113.00 146.00
112.50 145.50
112.50 145.00
112.00 144.50
111.50 144.00
111.50 143.50
111.00 143.00
111.00 142.50
110.50 142.00
110.50 141.50
110.50 141.00
110.00 140.50
110.00 140.00
110.00 139.50
110.00 139.00
110.00 138.50
109.50 138.00
109.50 137.50
109.50 137.00
109.50 136.50
109.50 136.00
109.50 135.50
109.50 135.00
109.50 134.50
109.50 134.00
110.00 133.50
110.00 133.00
110.00 132.50
110.00 132.00
110.00 131.50
110.00 131.00
110.50 130.50
110.50 130.00
110.50 129.50
111.00 129.00
111.00 128.50
111.00 128.00
111.50 127.50
111.50 127.00
111.50 126.50
112.00 126.00
112.50 125.50
112.50 125.00
113.00 124.50
113.00 124.00
113.50 123.50
114.00 123.00
114.00 122.50
114.50 122.00
115.00 121.50
115.50 121.00
116.00 120.50
116.50 120.00
117.00 119.50
117.50 119.00
118.00 119.00
118.50 118.50
119.00 118.50
119.50 118.00
120.00 117.50
120.50 117.50
121.00 117.00
121.50 117.00
122.00 116.50
122.50 116.50
123.00 116.00
123.50 116.00
124.00 116.00
124.50 115.50
125.00 115.50
125.50 115.50
126.00 115.00
126.50 115.00
127.00 115.00
127.50 114.50
128.00 114.50
128.50 114.50
129.00 114.50
129.50 114.50
130.00 114.00
130.50 114.00
131.00 114.00
131.50 114.00
132.00 114.00
132.50 114.00
133.00 114.00
133.50 114.00
134.00 114.00
134.50 114.00
135.00 114.00
