119.00 152.50
118.50 152.00
118.00 151.50
118.00 151.00
117.50 150.50
117.00 150.50
116.50 150.00
116.50 149.50
116.00 149.00
116.00 148.50
115.50 148.00
115.00 147.50
115.00 147.00
115.00 146.50
114.50 146.00
114.50 145.50
114.50 145.00
114.50 144.50
114.50 144.00
114.50 143.50
114.50 143.00
114.50 142.50
115.00 142.00
115.00 141.50
115.00 141.00
115.00 140.50
115.50 140.00
115.50 139.50
116.00 139.00
116.00 138.50
116.00 138.00
116.50 137.50
117.00 137.00
117.00 136.50
117.50 136.00
117.50 135.50
117.50 135.00
118.00 134.50
118.50 134.00
118.50 133.50
119.00 133.00
119.50 132.50
120.00 132.00
120.50 131.50
121.00 131.00
121.50 130.50
122.00 130.00
122.50 129.50
123.00 129.00
123.50 128.50
124.00 128.50
124.50 128.00
125.00 127.50
125.50 127.00
126.00 127.00
126.50 126.50
127.00 126.00
127.50 126.00
128.00 125.50
128.50 125.50
129.00 125.50
129.50 125.00
130.00 125.00
130.50 125.00
131.00 124.50
131.50 124.50
132.00 124.50
132.50 124.50
133.00 124.50
133.50 124.50
134.00 124.50
134.50 124.50
135.00 124.50
135.50 125.00
136.00 125.00
136.50 125.00
137.00 125.00
137.50 125.50
138.00 125.50
138.50 126.00
139.00 126.50
139.50 127.00
140.00 127.00
140.50 127.50
141.00 128.00
141.50 128.50
142.00 129.00
142.50 129.50
143.00 130.00
143.50 130.50
144.00 131.00
144.50 131.50
144.50 132.00
145.00 132.50
145.50 133.00
145.50 133.50
146.00 134.00
146.50 134.50
146.50 135.00
146.50 135.50
147.00 136.00
147.00 136.50
147.00 137.00
147.00 137.50
147.00 138.00
147.00 138.50
147.00 139.00
147.00 139.50
147.00 140.00
147.00 140.50
146.50 141.00
146.50 141.50
146.00 142.00
146.00 142.50
146.00 143.00
145.50 143.50
145.50 144.00
145.50 144.50
145.00 145.00
145.00 145.50
144.50 146.00
144.50 146.50
144.00 147.00
144.00 147.50
143.50 148.00
143.50 148.50
143.00 149.00
142.50 149.50
142.00 150.00
142.00 150.50
141.50 151.00
141.50 151.50
141.00 152.00
140.50 152.50
140.00 153.00
139.50 153.50
139.00 154.00
138.50 154.00
138.00 154.50
137.50 155.00
137.00 155.50
136.50 155.50
136.00 156.00
135.50 156.00
135.00 156.50
134.50 156.50
134.00 156.50
133.50 157.00
133.00 157.00
132.50 157.00
132.00 157.50
131.50 157.50
131.00 157.50
130.50 157.50
130.00 157.50
129.50 157.50
129.00 157.50
128.50 157.50
128.00 157.50
127.50 157.50
127.00 157.50
126.50 157.50
126.00 157.00
125.50 157.00
125.00 157.00
124.50 156.50
124.00 156.50
123.50 156.00
123.00 156.00
122.50 155.50
122.00 155.50
121.50 155.00
121.00 155.00
120.50 154.50
120.00 154.00
119.50 154.00
119.00 153.50
119.00 153.00
