140.50 154.50
140.00 154.50
139.50 155.00
139.00 155.00
138.50 155.50
138.00 155.50
137.50 156.00
137.00 156.00
136.50 156.00
136.00 156.00
135.50 156.50
135.00 156.50
134.50 156.50
134.00 156.50
133.50 156.50
133.00 156.50
132.50 157.00
132.00 157.00
131.50 157.00
131.00 157.00
130.50 157.00
130.00 157.00
129.50 156.50
129.00 156.50
128.50 156.50
128.00 156.00
127.50 156.00
127.00 156.00
126.50 155.50
126.00 155.00
125.50 155.00
125.00 154.50
124.50 154.00
124.00 154.00
123.50 153.50
123.00 153.00
122.50 152.50
122.00 152.00
121.50 152.00
121.00 151.50
120.50 151.00
120.00 151.00
119.50 150.50
119.00 150.00
118.50 149.50
118.00 149.00
118.50 148.50
118.00 148.00
118.00 147.50
117.50 147.00
117.00 146.50
117.00 146.00
117.00 145.50
116.50 145.00
116.00 144.50
116.00 144.00
115.50 143.50
115.00 143.00
115.00 142.50
115.00 142.00
115.00 141.50
114.50 141.00
114.50 140.50
114.00 140.00
114.00 139.50
114.00 139.00
114.00 138.50
114.00 138.00
114.00 137.50
113.50 137.00
113.50 136.50
113.50 136.00
113.50 135.50
114.00 135.00
114.00 134.50
114.00 134.00
114.00 133.50
114.00 133.00
114.50 132.50
114.50 132.00
114.50 131.50
115.00 131.00
115.50 130.50
115.50 130.00
116.00 129.50
116.50 129.00
117.00 128.50
117.50 128.00
117.50 127.50
118.00 127.00
118.50 127.00
119.00 126.50
119.50 126.00
120.00 125.50
120.50 125.00
121.00 125.00
121.50 124.50
122.00 124.50
122.50 124.00
123.00 124.00
123.50 124.00
124.00 123.50
124.50 123.50
125.00 123.00
125.50 123.00
126.00 123.00
126.50 123.00
127.00 123.00
127.50 122.50
128.00 122.50
128.50 122.50
129.00 122.50
129.50 122.50
130.00 122.50
130.50 122.50
131.00 122.50
131.50 122.50
132.00 122.50
132.50 122.50
133.00 122.50
133.50 122.50
134.00 123.00
134.50 123.00
135.00 123.00
135.50 123.00
136.00 123.50
136.50 124.00
137.00 124.00
137.50 124.50
138.00 124.50
138.50 125.00
139.00 125.50
139.50 126.00
140.00 126.50
140.50 126.50
141.00 127.00
141.50 127.50
142.00 128.00
142.50 128.00
143.00 128.50
143.50 129.00
144.00 129.00
144.50 129.50
145.00 130.00
145.50 130.00
146.00 130.50
146.50 131.00
147.00 131.50
146.50 132.00
147.00 132.50
147.00 133.00
147.50 133.50
147.50 134.00
148.00 134.50
148.00 135.00
148.00 135.50
148.50 136.00
148.50 136.50
149.00 137.00
149.00 137.50
149.00 138.00
149.50 138.50
149.50 139.00
149.50 139.50
149.50 140.00
149.50 140.50
149.50 141.00
149.50 141.50
149.50 142.00
149.50 142.50
149.00 143.00
149.00 143.50
149.00 144.00
148.50 144.50
148.00 145.00
148.00 145.50
148.00 146.00
147.50 146.50
147.00 147.00
147.00 147.50
146.50 148.00
146.00 148.50
145.50 149.00
145.50 149.50
145.00 150.00
144.50 150.50
144.00 151.00
143.50 151.50
143.00 152.00
142.50 152.50
142.00 153.00
141.50 153.50
141.00 154.00
