130.50 118.00
131.00 118.00
131.50 117.50
132.00 117.50
132.50 117.50
133.00 117.50
133.50 117.50
134.00 117.50
134.50 117.50
135.00 117.50
135.50 117.50
136.00 117.50
136.50 117.50
137.00 117.50
137.50 118.00
138.00 118.00
138.50 118.50
139.00 118.50
139.50 119.00
140.00 119.00
140.50 119.50
141.00 119.50
141.50 120.00
142.00 120.00
142.50 120.50
143.00 121.00
143.50 121.50
144.00 121.50
144.50 122.00
145.00 122.50
145.50 122.50
146.00 123.00
146.50 123.00
147.00 123.50
147.50 123.50
148.00 124.00
148.50 124.50
149.00 125.00
149.50 125.50
150.00 126.00
150.00 126.50
150.00 127.00
150.50 127.50
150.50 128.00
151.00 128.50
151.00 129.00
151.00 129.50
151.00 130.00
151.00 130.50
151.50 131.00
151.50 131.50
151.50 132.00
151.50 132.50
151.50 133.00
152.00 133.50
152.00 134.00
152.00 134.50
152.00 135.00
152.00 135.50
152.00 136.00
152.50 136.50
152.50 137.00
152.50 137.50
152.50 138.00
152.50 138.50
152.50 139.00
152.50 139.50
152.50 140.00
152.50 140.50
152.50 141.00
152.50 141.50
152.50 142.00
152.50 142.50
152.00 143.00
152.00 143.50
152.00 144.00
152.00 144.50
152.00 145.00
151.50 145.50
151.50 146.00
151.50 146.50
151.00 147.00
151.00 147.50
150.50 148.00
150.50 148.50
150.00 149.00
150.00 149.50
149.50 150.00
149.00 150.50
148.50 151.00
148.00 151.50
147.50 152.00
147.00 152.50
146.50 153.00
146.00 153.50
145.50 153.50
145.00 154.00
144.50 154.00
144.00 154.50
143.50 154.50
143.00 154.50
142.50 155.00
142.00 155.00
141.50 155.00
141.00 155.50
140.50 155.50
140.00 155.50
139.50 155.50
139.00 156.00
138.50 156.00
138.00 156.00
137.50 156.00
137.00 156.50
136.50 156.50
136.00 156.50
135.50 156.50
135.00 156.50
134.50 157.00
134.00 157.00
133.50 157.00
133.00 157.00
132.50 157.00
132.00 157.00
131.50 157.00
131.00 157.00
130.50 157.00
130.00 157.00
129.50 157.00
129.00 156.50
128.50 156.50
128.00 156.00
127.50 156.00
127.00 156.00
126.50 155.50
126.00 155.00
125.50 155.00
125.00 154.50
124.50 154.00
124.00 153.50
123.50 153.00
123.00 152.50
122.50 152.00
122.50 151.50
122.00 151.00
121.50 150.50
121.50 150.00
121.00 149.50
121.00 149.00
120.50 148.50
120.50 148.00
120.50 147.50
120.00 147.00
120.00 146.50
120.00 146.00
119.50 145.50
119.50 145.00
119.50 144.50
119.50 144.00
119.00 143.50
119.00 143.00
119.00 142.50
119.00 142.00
119.00 141.50
119.00 141.00
119.00 140.50
119.00 140.00
119.00 139.50
119.00 139.00
119.00 138.50
119.00 138.00
119.00 137.50
119.00 137.00
119.00 136.50
119.00 136.00
119.00 135.50
119.50 135.00
119.50 134.50
119.50 134.00
119.50 133.50
119.50 133.00
120.00 132.50
120.00 132.00
120.00 131.50
120.50 131.00
120.50 130.50
120.50 130.00
121.00 129.50
121.50 129.00
121.50 128.50
122.00 128.00
122.00 127.50
122.50 127.00
122.50 126.50
123.00 126.00
123.00 125.50
123.50 125.00
124.00 124.50
124.50 124.00
124.50 123.50
125.00 123.00
125.50 122.50
126.00 122.00
126.50 121.50
127.00 121.00
127.50 120.50
128.00 120.00
128.50 119.50
129.00 119.00
129.50 118.50
130.00 118.50
