137.50 127.50
138.00 127.50
138.50 128.00
139.00 128.50
139.50 128.50
140.00 129.00
140.50 129.50
141.00 129.50
141.50 130.00
142.00 130.50
142.50 131.00
143.00 131.00
143.50 131.50
144.00 132.00
144.50 132.50
145.00 133.00
145.00 133.50
145.50 134.00
146.00 134.50
146.00 135.00
146.50 135.50
146.50 136.00
146.50 136.50
147.00 137.00
147.00 137.50
147.00 138.00
147.00 138.50
147.00 139.00
147.50 139.50
147.50 140.00
147.50 140.50
147.50 141.00
147.50 141.50
147.50 142.00
148.00 142.50
148.00 143.00
148.00 143.50
148.00 144.00
148.00 144.50
147.50 145.00
147.50 145.50
147.50 146.00
147.50 146.50
147.00 147.00
147.00 147.50
147.00 148.00
146.50 148.50
146.50 149.00
146.00 149.50
145.50 150.00
145.00 150.50
145.00 151.00
144.50 151.50
144.00 152.00
143.50 152.00
143.00 152.50
142.50 153.00
142.00 153.50
141.50 153.50
141.00 154.00
140.50 154.00
140.00 154.00
139.50 154.50
139.00 154.50
138.50 154.50
138.00 154.50
137.50 155.00
137.00 155.00
136.50 155.00
136.00 155.00
135.50 155.00
135.00 155.00
134.50 155.00
134.00 155.00
133.50 155.00
133.00 155.00
132.50 155.00
132.00 155.00
131.50 155.00
131.00 155.00
130.50 155.00
130.00 155.00
129.50 155.00
129.00 155.00
128.50 154.50
128.00 154.50
127.50 154.50
127.00 154.50
126.50 154.50
126.00 154.00
125.50 154.00
125.00 153.50
124.50 153.50
124.00 153.00
123.50 153.00
123.00 152.50
122.50 152.00
122.00 151.50
121.50 151.50
121.00 151.00
120.50 150.50
120.00 150.50
119.50 150.00
119.50 149.50
119.00 149.00
118.50 148.50
118.00 148.00
118.00 147.50
117.50 147.00
117.50 146.50
117.00 146.00
117.00 145.50
116.50 145.00
116.50 144.50
116.00 144.00
116.00 143.50
115.50 143.00
115.50 142.50
115.50 142.00
115.50 141.50
115.50 141.00
115.00 140.50
115.00 140.00
115.00 139.50
115.00 139.00
115.00 138.50
115.00 138.00
115.00 137.50
115.00 137.00
115.50 136.50
115.50 136.00
115.50 135.50
115.50 135.00
116.00 134.50
116.00 134.00
116.00 133.50
116.50 133.00
117.00 132.50
117.50 132.00
118.00 131.50
118.00 131.00
118.50 130.50
118.50 130.00
119.00 129.50
119.50 129.00
119.50 128.50
120.00 128.00
120.50 127.50
121.00 127.00
121.50 126.50
122.00 126.50
122.50 126.00
123.00 125.50
123.50 125.50
124.00 125.00
124.50 125.00
125.00 125.00
125.50 125.00
126.00 125.00
126.50 125.00
127.00 125.00
127.50 124.50
128.00 124.50
128.50 124.50
129.00 124.50
129.50 124.50
130.00 124.50
130.50 124.50
131.00 124.50
131.50 124.50
132.00 124.50
132.50 125.00
133.00 125.00
133.50 125.00
134.00 125.50
134.50 126.00
135.00 126.00
135.50 126.50
136.00 126.50
136.50 127.00
137.00 127.50
