136.00 120.00
136.50 120.00
137.00 120.00
137.50 120.50
138.00 120.50
138.50 121.00
139.00 121.50
139.50 121.50
140.00 121.50
140.50 122.00
140.50 122.50
141.00 123.00
141.50 123.50
142.00 124.00
142.50 124.50
142.50 125.00
143.00 125.50
143.50 126.00
143.50 126.50
144.00 127.00
144.50 127.50
144.50 128.00
145.00 128.50
145.50 129.00
145.50 129.50
145.50 130.00
146.00 130.50
146.50 131.00
146.50 131.50
147.00 132.00
147.00 132.50
147.00 133.00
147.50 133.50
147.50 134.00
148.00 134.50
148.00 135.00
148.00 135.50
148.00 136.00
148.50 136.50
148.50 137.00
148.50 137.50
148.50 138.00
148.50 138.50
148.50 139.00
148.50 139.50
148.50 140.00
148.50 140.50
148.50 141.00
148.50 141.50
148.00 142.00
148.00 142.50
148.00 143.00
148.00 143.50
147.50 144.00
147.50 144.50
147.50 145.00
147.00 145.50
147.00 146.00
146.50 146.50
146.50 147.00
146.00 147.50
146.00 148.00
145.50 148.50
145.50 149.00
145.00 149.50
144.50 150.00
144.50 150.50
144.00 151.00
143.50 151.50
143.00 152.00
143.00 152.50
142.50 153.00
142.00 153.50
141.50 154.00
141.00 154.50
140.50 154.50
140.00 154.50
139.50 155.00
139.00 155.00
138.50 155.50
138.00 155.50
137.50 155.50
137.00 155.50
136.50 155.50
136.00 155.50
135.50 156.00
135.00 156.00
134.50 155.50
134.00 155.50
133.50 155.50
133.00 155.50
132.50 155.50
132.00 155.50
131.50 155.50
131.00 155.00
130.50 155.00
130.00 155.00
129.50 155.00
129.00 154.50
128.50 154.50
128.00 154.50
127.50 154.00
127.00 154.00
126.50 154.00
126.00 153.50
125.50 153.50
125.00 153.00
124.50 153.00
124.00 153.00
123.50 152.50
123.00 152.00
122.50 152.00
122.00 151.50
121.50 151.50
121.00 151.00
120.50 151.00
120.00 150.50
119.50 150.00
119.00 150.00
118.50 149.50
118.00 149.00
117.50 148.50
117.00 148.50
116.50 148.00
116.50 147.50
116.00 147.00
115.50 146.50
115.50 146.00
115.00 145.50
115.00 145.00
115.00 144.50
114.50 144.00
114.50 143.50
114.50 143.00
114.50 142.50
114.50 142.00
114.50 141.50
114.00 141.00
114.00 140.50
114.00 140.00
114.50 139.50
114.50 139.00
114.50 138.50
114.50 138.00
114.50 137.50
114.50 137.00
114.50 136.50
115.00 136.00
115.00 135.50
115.00 135.00
115.50 134.50
115.50 134.00
116.00 133.50
116.00 133.00
116.00 132.50
116.50 132.00
117.00 131.50
117.00 131.00
117.50 130.50
118.00 130.00
118.00 129.50
118.50 129.00
119.00 128.50
119.50 128.00
120.00 127.50
120.50 127.00
121.00 127.00
121.50 126.50
122.00 126.00
122.50 126.00
123.00 125.50
123.50 125.50
124.00 125.00
124.50 125.00
125.00 124.50
125.50 124.50
126.00 124.50
126.50 124.00
127.00 123.50
127.50 123.50
128.00 123.00
128.50 123.00
129.00 122.50
129.50 122.50
130.00 122.00
130.50 122.00
131.00 121.50
131.50 121.50
132.00 121.00
132.50 121.00
133.00 120.50
133.50 120.50
134.00 120.50
134.50 120.00
135.00 120.00
135.50 120.00
