135.00 118.50
135.50 118.50
136.00 119.00
136.50 119.00
137.00 119.00
137.50 119.50
138.00 119.50
138.50 120.00
139.00 120.50
139.50 120.50
140.00 121.00
140.50 121.50
141.00 122.00
141.50 122.00
142.00 122.50
142.00 123.00
142.50 123.50
143.00 124.00
143.00 124.50
143.50 125.00
143.50 125.50
144.00 126.00
144.00 126.50
144.00 127.00
144.50 127.50
144.50 128.00
144.50 128.50
144.50 129.00
145.00 129.50
145.00 130.00
145.00 130.50
145.00 131.00
145.00 131.50
145.50 132.00
145.50 132.50
145.50 133.00
146.00 133.50
146.00 134.00
146.00 134.50
146.00 135.00
146.00 135.50
146.50 136.00
146.50 136.50
146.50 137.00
146.50 137.50
146.50 138.00
146.50 138.50
146.50 139.00
146.50 139.50
146.50 140.00
146.50 140.50
146.50 141.00
146.00 141.50
146.00 142.00
145.50 142.50
145.50 143.00
145.00 143.50
145.00 144.00
144.50 144.50
144.00 145.00
143.50 145.50
143.00 146.00
142.50 146.50
142.50 147.00
142.00 147.50
141.50 148.00
141.00 148.50
141.00 149.00
140.50 149.50
140.00 150.00
139.50 150.50
139.00 151.00
138.50 151.50
138.50 152.00
138.00 152.50
137.50 153.00
137.00 153.50
136.50 154.00
136.00 154.00
135.50 154.50
135.00 155.00
134.50 155.00
134.00 155.50
133.50 155.50
133.00 156.00
132.50 156.00
132.00 156.00
131.50 156.00
131.00 156.50
130.50 156.50
130.00 156.50
129.50 156.50
129.00 156.50
128.50 156.50
128.00 156.50
127.50 156.50
127.00 156.50
126.50 156.50
126.00 156.50
125.50 156.50
125.00 156.50
124.50 156.50
124.00 156.00
123.50 156.00
123.00 156.00
122.50 156.00
122.00 156.00
121.50 155.50
121.00 155.50
120.50 155.00
120.00 155.00
119.50 154.50
119.00 154.50
118.50 154.50
118.00 154.00
117.50 153.50
117.00 153.50
116.50 153.00
116.00 152.50
115.50 152.00
115.00 152.00
114.50 151.50
114.00 151.00
113.50 150.50
113.00 150.00
112.50 149.50
112.00 149.00
111.50 148.50
111.50 148.00
111.00 147.50
110.50 147.00
110.00 146.50
110.00 146.00
110.00 145.50
109.50 145.00
109.50 144.50
109.50 144.00
109.00 143.50
109.00 143.00
108.50 142.50
108.50 142.00
108.50 141.50
108.50 141.00
108.50 140.50
108.50 140.00
108.00 139.50
108.00 139.00
108.00 138.50
108.00 138.00
108.00 137.50
108.50 137.00
108.50 136.50
108.50 136.00
108.50 135.50
108.50 135.00
109.00 134.50
109.00 134.00
109.00 133.50
109.50 133.00
109.50 132.50
109.50 132.00
110.00 131.50
110.00 131.00
110.50 130.50
111.00 130.00
111.00 129.50
111.50 129.00
112.00 128.50
112.50 128.00
113.00 127.50
113.50 127.00
114.00 126.50
114.50 126.50
115.00 126.00
115.50 125.50
116.00 125.50
116.50 125.00
117.00 124.50
117.50 124.50
118.00 124.00
118.50 123.50
119.00 123.50
119.50 123.00
120.00 123.00
120.50 122.50
121.00 122.50
121.50 122.00
122.00 122.00
122.50 121.50
123.00 121.00
123.50 121.00
124.00 120.50
124.50 120.50
125.00 120.00
125.50 120.00
126.00 119.50
126.50 119.50
127.00 119.50
127.50 119.00
128.00 119.00
128.50 119.00
129.00 118.50
129.50 118.50
130.00 118.50
130.50 118.50
131.00 118.50
131.50 118.50
132.00 118.50
132.50 118.50
133.00 118.50
133.50 118.50
134.00 118.50
134.50 118.50
