130.00 114.50
130.50 114.50
131.00 114.50
131.50 114.50
132.00 114.50
132.50 115.00
133.00 115.00
133.50 115.00
134.00 115.00
134.50 115.50
135.00 115.50
135.50 116.00
136.00 116.00
136.50 116.50
137.00 116.50
137.50 116.50
138.00 117.00
138.50 117.00
139.00 117.50
139.50 118.00
140.00 118.50
140.50 118.50
141.00 119.00
141.50 119.00
142.00 119.50
142.50 120.00
143.00 120.00
143.50 120.50
144.00 121.00
144.50 121.50
145.00 122.00
145.50 122.50
146.00 123.00
146.50 123.50
147.00 124.00
147.50 124.50
148.00 125.00
148.50 125.50
148.50 126.00
149.00 126.50
149.00 127.00
149.50 127.50
149.50 128.00
150.00 128.50
150.00 129.00
150.50 129.50
151.00 130.00
151.00 130.50
151.00 131.00
151.00 131.50
151.50 132.00
151.50 132.50
151.50 133.00
151.50 133.50
152.00 134.00
152.00 134.50
152.00 135.00
152.00 135.50
152.00 136.00
152.00 136.50
152.00 137.00
152.00 137.50
152.00 138.00
152.00 138.50
152.00 139.00
152.00 139.50
152.00 140.00
152.00 140.50
152.00 141.00
152.00 141.50
151.50 142.00
151.50 142.50
151.50 143.00
151.50 143.50
151.50 144.00
151.00 144.50
151.00 145.00
151.00 145.50
150.50 146.00
150.50 146.50
150.00 147.00
150.00 147.50
150.00 148.00
149.50 148.50
149.50 149.00
149.00 149.50
148.50 150.00
148.00 150.50
148.00 151.00
147.50 151.50
147.00 152.00
146.50 152.50
146.00 153.00
145.50 153.50
145.00 154.00
144.50 154.50
144.00 155.00
143.50 155.00
143.00 155.50
142.50 156.00
142.00 156.00
141.50 156.50
141.00 157.00
140.50 157.00
140.00 157.50
139.50 157.50
139.00 157.50
138.50 158.00
138.00 158.00
137.50 158.50
137.00 158.50
136.50 158.50
136.00 158.50
135.50 158.50
135.00 158.50
134.50 158.50
134.00 158.50
133.50 158.50
133.00 158.50
132.50 158.50
132.00 158.50
131.50 158.50
131.00 158.50
130.50 158.50
130.00 158.00
129.50 158.00
129.00 158.00
128.50 158.00
128.00 157.50
127.50 157.50
127.00 157.50
126.50 157.00
126.00 157.00
125.50 156.50
125.00 156.50
124.50 156.00
124.00 156.00
123.50 155.50
123.00 155.00
122.50 155.00
122.00 154.50
121.50 154.00
121.00 153.50
120.50 153.50
120.00 153.00
119.50 152.50
119.00 152.00
118.50 151.50
118.50 151.00
118.00 150.50
117.50 150.00
117.00 149.50
116.50 149.00
116.50 148.50
116.00 148.00
115.50 147.50
115.50 147.00
115.00 146.50
115.00 146.00
114.50 145.50
114.50 145.00
114.00 144.50
114.00 144.00
114.00 143.50
113.50 143.00
113.50 142.50
113.50 142.00
113.50 141.50
113.00 141.00
113.00 140.50
113.00 140.00
113.00 139.50
113.00 139.00
112.50 138.50
112.50 138.00
112.50 137.50
112.50 137.00
112.50 136.50
112.50 136.00
112.50 135.50
112.50 135.00
112.50 134.50
112.50 134.00
112.50 133.50
113.00 133.00
113.00 132.50
113.00 132.00
113.00 131.50
113.00 131.00
113.50 130.50
113.50 130.00
113.50 129.50
113.50 129.00
114.00 128.50
114.00 128.00
114.50 127.50
114.50 127.00
114.50 126.50
115.00 126.00
115.00 125.50
115.00 125.00
115.50 124.50
116.00 124.00
116.00 123.50
116.50 123.00
117.00 122.50
117.50 122.00
118.00 121.50
118.00 121.00
118.50 120.50
119.00 120.00
119.50 119.50
120.00 119.00
120.50 118.50
121.00 118.00
121.50 117.50
122.00 117.00
122.50 117.00
123.00 117.00
123.50 116.50
124.00 116.00
124.50 116.00
125.00 115.50
125.50 115.50
126.00 115.00
126.50 115.00
127.00 115.00
127.50 115.00
128.00 114.50
128.50 114.50
129.00 114.50
129.50 114.50
