122.00 143.50
121.50 143.00
121.50 142.50
121.50 142.00
121.00 141.50
120.50 141.00
120.50 140.50
120.50 140.00
120.00 139.50
119.50 139.00
119.50 138.50
119.50 138.00
119.50 137.50
119.50 137.00
119.00 136.50
119.00 136.00
119.00 135.50
119.00 135.00
119.00 134.50
119.00 134.00
119.00 133.50
119.50 133.00
119.50 132.50
119.50 132.00
120.00 131.50
120.50 131.00
121.00 130.50
121.50 130.50
122.00 130.00
122.50 130.00
123.00 130.00
123.50 130.00
124.00 129.50
124.50 129.50
125.00 129.50
125.50 129.50
126.00 129.50
126.50 129.50
127.00 129.50
127.50 129.50
128.00 129.50
128.50 129.50
129.00 129.50
129.50 129.50
130.00 129.50
130.50 129.50
131.00 129.50
131.50 129.50
132.00 129.50
132.50 129.50
133.00 129.50
133.50 129.50
134.00 129.50
134.50 130.00
135.00 130.00
135.50 130.00
136.00 130.00
136.50 130.50
137.00 130.50
137.50 130.50
138.00 131.00
138.50 131.00
139.00 131.50
139.50 131.50
140.00 132.00
140.50 132.50
141.00 133.00
141.50 133.50
142.00 134.00
142.00 134.50
142.50 135.00
142.50 135.50
142.50 136.00
142.50 136.50
142.50 137.00
142.50 137.50
142.50 138.00
142.00 138.50
142.50 139.00
142.50 139.50
142.50 140.00
142.50 140.50
142.50 141.00
142.50 141.50
142.50 142.00
142.50 142.50
142.00 143.00
141.50 143.50
141.00 144.00
140.50 144.50
140.00 145.00
139.50 145.00
139.00 145.50
138.50 146.00
138.00 146.00
137.50 146.50
137.00 147.00
136.50 147.00
136.00 147.00
135.50 147.00
135.00 147.00
134.50 147.00
134.00 147.00
133.50 147.00
133.00 147.00
132.50 147.00
132.00 147.00
131.50 147.00
131.00 147.00
130.50 147.00
130.00 146.50
129.50 146.50
129.00 146.50
128.50 146.50
128.00 146.00
127.50 146.00
127.00 146.00
126.50 146.00
126.00 145.50
125.50 145.50
125.00 145.00
124.50 145.00
124.00 145.00
123.50 144.50
123.00 144.00
122.50 144.00
