126.50 129.00
127.00 129.00
127.50 129.00
128.00 129.00
128.50 129.00
129.00 129.50
129.50 129.50
130.00 129.50
130.50 129.50
131.00 129.50
131.50 130.00
132.00 130.00
132.50 130.00
133.00 130.50
133.50 130.50
134.00 131.00
134.50 131.00
135.00 131.50
135.50 132.00
136.00 132.00
136.50 132.50
137.00 133.00
137.50 133.00
138.00 133.50
138.50 134.00
139.00 134.50
139.50 134.50
140.00 135.00
140.00 135.50
140.50 136.00
141.00 136.00
141.50 136.50
141.50 137.00
142.00 137.50
142.50 138.00
142.50 138.50
142.50 139.00
142.50 139.50
143.00 140.00
143.00 140.50
143.00 141.00
143.00 141.50
143.00 142.00
143.00 142.50
142.50 143.00
142.50 143.50
142.50 144.00
142.00 144.50
142.00 145.00
141.50 145.50
141.50 146.00
141.00 146.50
140.50 147.00
140.00 147.50
139.50 148.00
139.00 148.50
138.50 149.00
138.00 149.00
137.50 149.50
137.00 149.50
136.50 149.50
136.00 149.50
135.50 149.50
135.00 149.50
134.50 149.50
134.00 149.50
133.50 149.50
133.00 149.50
132.50 149.50
132.00 149.50
131.50 149.50
131.00 149.50
130.50 149.50
130.00 149.50
129.50 149.50
129.00 149.00
128.50 149.00
128.00 149.00
127.50 149.00
127.00 148.50
126.50 148.50
126.00 148.50
125.50 148.50
125.00 148.50
124.50 148.00
124.00 148.00
123.50 147.50
123.00 147.50
122.50 147.50
122.00 147.00
121.50 146.50
121.00 146.00
120.50 145.50
120.00 145.50
119.50 145.00
119.00 144.50
118.50 144.00
118.50 143.50
118.00 143.00
117.50 142.50
117.00 142.00
116.50 141.50
116.50 141.00
116.00 140.50
116.00 140.00
116.00 139.50
115.50 139.00
115.50 138.50
115.50 138.00
115.50 137.50
115.50 137.00
115.50 136.50
116.00 136.00
116.00 135.50
116.00 135.00
116.50 134.50
116.50 134.00
117.00 133.50
117.50 133.00
118.00 132.50
118.50 132.50
119.00 132.00
119.50 131.50
120.00 131.50
120.50 131.50
121.00 131.50
121.50 131.00
122.00 131.00
122.50 131.00
123.00 131.00
123.50 131.00
124.00 130.50
124.50 130.00
125.00 130.00
125.50 130.00
126.00 129.50
