128.50 121.00
129.00 121.00
129.50 121.00
130.00 121.00
130.50 121.00
131.00 121.00
131.50 121.00
132.00 121.00
132.50 121.50
133.00 121.50
133.50 121.50
134.00 121.50
134.50 122.00
135.00 122.00
135.50 122.00
136.00 122.50
136.50 122.50
137.00 123.00
137.50 123.00
138.00 123.50
138.50 123.50
139.00 124.00
139.50 124.00
140.00 124.50
140.50 125.00
141.00 125.00
141.50 125.50
142.00 126.00
142.50 126.50
143.00 127.00
143.50 127.00
144.00 127.50
144.50 128.00
144.50 128.50
145.00 129.00
145.50 129.50
146.00 130.00
146.50 130.50
146.50 131.00
147.00 131.50
147.50 132.00
147.50 132.50
148.00 133.00
148.50 133.50
148.50 134.00
148.50 134.50
149.00 135.00
149.00 135.50
149.50 136.00
149.50 136.50
149.50 137.00
150.00 137.50
150.00 138.00
150.00 138.50
150.00 139.00
150.00 139.50
150.00 140.00
150.00 140.50
150.00 141.00
150.00 141.50
150.00 142.00
149.50 142.50
149.50 143.00
149.50 143.50
149.50 144.00
149.00 144.50
149.00 145.00
149.00 145.50
148.50 146.00
148.50 146.50
148.00 147.00
148.00 147.50
148.00 148.00
147.50 148.50
147.50 149.00
147.00 149.50
147.00 150.00
146.50 150.50
146.50 151.00
146.00 151.50
145.50 152.00
145.50 152.50
145.00 153.00
144.50 153.50
144.00 154.00
143.50 154.50
143.00 155.00
142.50 155.50
142.00 155.50
141.50 156.00
141.00 156.00
140.50 156.00
140.00 156.50
139.50 156.50
139.00 156.50
138.50 156.50
138.00 156.50
137.50 157.00
137.00 157.00
136.50 157.00
136.00 157.00
135.50 157.00
135.00 157.00
134.50 157.00
134.00 157.00
133.50 157.00
133.00 157.00
132.50 157.00
132.00 157.00
131.50 157.00
131.00 157.00
130.50 157.00
130.00 157.00
129.50 157.00
129.00 157.00
128.50 157.00
128.00 157.00
127.50 157.00
127.00 157.00
126.50 157.00
126.00 156.50
125.50 156.50
125.00 156.50
124.50 156.50
124.00 156.50
123.50 156.00
123.00 156.00
122.50 156.00
122.00 155.50
121.50 155.50
121.00 155.00
120.50 155.00
120.00 154.50
119.50 154.50
119.00 154.00
118.50 153.50
118.00 153.00
117.50 152.50
117.50 152.00
117.00 151.50
116.50 151.00
116.50 150.50
116.00 150.00
116.00 149.50
116.00 149.00
115.50 148.50
115.50 148.00
115.50 147.50
115.50 147.00
115.50 146.50
115.00 146.00
115.00 145.50
115.00 145.00
115.00 144.50
115.00 144.00
115.00 143.50
114.50 143.00
114.50 142.50
114.50 142.00
114.50 141.50
114.50 141.00
114.50 140.50
114.50 140.00
114.00 139.50
114.00 139.00
114.00 138.50
114.00 138.00
114.00 137.50
114.00 137.00
114.00 136.50
114.00 136.00
114.50 135.50
114.50 135.00
114.50 134.50
114.50 134.00
114.50 133.50
114.50 133.00
115.00 132.50
115.00 132.00
115.00 131.50
115.50 131.00
115.50 130.50
116.00 130.00
116.00 129.50
116.00 129.00
116.50 128.50
117.00 128.00
117.00 127.50
117.50 127.00
118.00 126.50
118.50 126.00
119.00 125.50
119.50 125.00
120.00 124.50
120.50 124.00
121.00 123.50
121.50 123.50
122.00 123.00
122.50 122.50
123.00 122.50
123.50 122.00
124.00 122.00
124.50 122.00
125.00 121.50
125.50 121.50
126.00 121.50
126.50 121.00
127.00 121.00
127.50 121.00
128.00 121.00
