130.00 113.50
130.50 113.50
131.00 113.50
131.50 114.00
132.00 114.00
132.50 114.00
133.00 114.50
133.50 114.50
134.00 114.50
134.50 114.50
135.00 115.00
135.50 115.00
136.00 115.50
136.50 116.00
137.00 116.00
137.50 116.50
138.00 116.50
138.50 117.00
139.00 117.50
139.50 118.00
140.00 118.50
140.50 118.50
141.00 119.00
141.50 119.50
142.00 120.00
142.50 120.50
143.00 121.00
143.50 121.50
144.00 122.00
144.50 122.50
145.00 123.00
145.50 123.50
146.00 124.00
146.00 124.50
146.50 125.00
147.00 125.50
147.50 126.00
147.50 126.50
147.50 127.00
148.00 127.50
148.00 128.00
148.00 128.50
148.50 129.00
148.50 129.50
148.50 130.00
148.50 130.50
148.50 131.00
148.50 131.50
148.50 132.00
148.50 132.50
148.50 133.00
148.50 133.50
148.50 134.00
148.50 134.50
148.50 135.00
148.50 135.50
148.50 136.00
148.50 136.50
148.00 137.00
148.00 137.50
148.00 138.00
148.00 138.50
148.00 139.00
147.50 139.50
147.50 140.00
147.50 140.50
147.50 141.00
147.50 141.50
147.00 142.00
147.00 142.50
147.00 143.00
146.50 143.50
146.50 144.00
146.50 144.50
146.50 145.00
146.00 145.50
146.00 146.00
145.50 146.50
145.00 147.00
144.50 147.50
144.50 148.00
144.00 148.50
143.50 149.00
143.00 149.50
142.50 150.00
142.00 150.00
141.50 150.50
141.00 151.00
140.50 151.50
140.00 152.00
139.50 152.50
139.00 152.50
138.50 153.00
138.00 153.50
137.50 154.00
137.00 154.00
136.50 154.50
136.00 154.50
135.50 155.00
135.00 155.50
134.50 155.50
134.00 155.50
133.50 156.00
133.00 156.00
132.50 156.00
132.00 156.50
131.50 156.50
131.00 156.50
130.50 156.50
130.00 156.50
129.50 156.50
129.00 156.50
128.50 156.50
128.00 156.50
127.50 156.50
127.00 156.50
126.50 156.50
126.00 156.50
125.50 156.50
125.00 156.50
124.50 156.00
124.00 156.00
123.50 155.50
123.00 155.50
122.50 155.50
122.00 155.50
121.50 155.00
121.00 155.00
120.50 154.50
120.00 154.50
119.50 154.00
119.00 154.00
118.50 153.50
118.00 153.50
117.50 153.00
117.00 153.00
116.50 152.50
116.00 152.50
115.50 152.00
115.00 152.00
114.50 151.50
114.00 151.50
113.50 151.00
113.00 150.50
112.50 150.00
112.00 150.00
111.50 149.50
111.00 149.00
110.50 148.50
110.00 148.00
109.50 147.50
109.50 147.00
109.00 146.50
109.00 146.00
108.50 145.50
108.00 145.00
108.00 144.50
108.00 144.00
107.50 143.50
107.50 143.00
107.50 142.50
107.00 142.00
107.00 141.50
107.00 141.00
106.50 140.50
106.50 140.00
106.50 139.50
106.50 139.00
106.50 138.50
106.00 138.00
106.00 137.50
106.00 137.00
106.00 136.50
106.00 136.00
106.00 135.50
106.00 135.00
106.00 134.50
106.00 134.00
106.00 133.50
106.00 133.00
106.00 132.50
106.00 132.00
106.00 131.50
106.00 131.00
106.50 130.50
106.50 130.00
106.50 129.50
107.00 129.00
107.00 128.50
107.00 128.00
107.00 127.50
107.50 127.00
108.00 126.50
108.00 126.00
108.50 125.50
108.50 125.00
109.00 124.50
109.50 124.00
110.00 123.50
110.50 123.00
111.00 122.50
111.50 122.00
112.00 121.50
112.50 121.00
113.00 121.00
113.50 120.50
114.00 120.00
114.50 119.50
115.00 119.00
115.50 118.50
116.00 118.00
116.50 117.50
117.00 117.50
117.50 117.00
118.00 116.50
118.50 116.00
119.00 115.50
119.50 115.00
120.00 115.00
120.50 114.50
121.00 114.50
121.50 114.50
122.00 114.00
122.50 114.00
123.00 114.00
123.50 113.50
124.00 113.50
124.50 113.50
125.00 113.50
125.50 113.50
126.00 113.50
126.50 113.50
127.00 113.50
127.50 113.50
128.00 113.50
128.50 113.50
129.00 113.50
129.50 113.50
