114.00 145.50
114.00 145.00
113.50 144.50
113.50 144.00
113.50 143.50
113.00 143.00
113.00 142.50
113.00 142.00
113.00 141.50
112.50 141.00
112.50 140.50
112.50 140.00
112.50 139.50
112.50 139.00
112.50 138.50
112.50 138.00
112.50 137.50
112.50 137.00
112.50 136.50
112.50 136.00
112.50 135.50
112.50 135.00
112.50 134.50
113.00 134.00
113.00 133.50
113.50 133.00
113.50 132.50
114.00 132.00
114.00 131.50
114.50 131.00
115.00 130.50
115.00 130.00
115.50 129.50
116.00 129.00
116.50 128.50
116.50 128.00
117.00 127.50
117.50 127.00
118.00 126.50
118.50 126.00
119.00 125.50
119.50 125.00
120.00 124.50
120.50 124.00
121.00 124.00
121.50 123.50
122.00 123.00
122.50 122.50
123.00 122.50
123.50 122.00
124.00 122.00
124.50 122.00
125.00 122.00
125.50 122.00
126.00 122.00
126.50 122.00
127.00 122.00
127.50 122.00
128.00 122.50
128.50 122.50
129.00 122.50
129.50 122.50
130.00 123.00
130.50 123.00
131.00 123.50
131.50 123.50
132.00 124.00
132.50 124.00
133.00 124.50
133.50 124.50
134.00 124.50
134.50 125.00
135.00 125.50
135.50 125.50
136.00 126.00
136.50 126.00
137.00 126.50
137.50 126.50
138.00 127.00
138.50 127.00
139.00 127.50
139.50 127.50
140.00 128.00
140.50 128.00
141.00 128.50
141.50 129.00
142.00 129.00
142.50 129.50
143.00 130.00
143.50 130.50
144.00 131.00
144.50 131.50
145.00 132.00
145.50 132.50
146.00 133.00
146.00 133.50
146.50 134.00
147.00 134.50
147.00 135.00
147.50 135.50
148.00 136.00
148.00 136.50
148.00 137.00
148.50 137.50
148.50 138.00
149.00 138.50
149.00 139.00
149.00 139.50
149.00 140.00
149.50 140.50
149.50 141.00
149.50 141.50
149.50 142.00
149.50 142.50
149.50 143.00
149.50 143.50
149.50 144.00
149.50 144.50
149.50 145.00
149.00 145.50
149.00 146.00
149.00 146.50
149.00 147.00
148.50 147.50
148.50 148.00
148.00 148.50
148.00 149.00
147.50 149.50
147.00 150.00
147.00 150.50
146.50 151.00
146.00 151.50
145.50 152.00
145.00 152.50
144.50 153.00
144.00 153.00
143.50 153.50
143.00 154.00
142.50 154.00
142.00 154.50
141.50 154.50
141.00 154.50
140.50 155.00
140.00 155.00
139.50 155.00
139.00 155.50
138.50 155.50
138.00 155.50
137.50 156.00
137.00 156.00
136.50 156.00
136.00 156.00
135.50 156.50
135.00 156.50
134.50 156.50
134.00 157.00
133.50 157.00
133.00 157.00
132.50 157.00
132.00 157.00
131.50 157.00
131.00 157.00
130.50 157.00
130.00 157.50
129.50 157.50
129.00 157.50
128.50 157.00
128.00 157.00
127.50 157.00
127.00 157.00
126.50 157.00
126.00 157.00
125.50 156.50
125.00 156.50
124.50 156.00
124.00 155.50
123.50 155.50
123.00 155.00
122.50 154.50
122.00 154.00
121.50 154.00
121.00 153.50
120.50 153.50
120.00 153.00
119.50 152.50
119.00 152.00
118.50 151.50
118.00 151.00
117.50 150.50
117.00 150.00
116.50 149.50
116.00 149.00
115.50 148.50
115.00 148.00
115.00 147.50
114.50 147.00
114.00 146.50
113.50 146.00
