135.50 119.50
136.00 119.50
136.50 120.00
137.00 120.00
137.50 120.50
138.00 120.50
138.50 121.00
139.00 121.50
139.50 121.50
140.00 122.00
140.50 122.50
141.00 122.50
141.50 123.00
142.00 123.50
142.50 124.00
143.00 124.50
143.50 125.00
144.00 125.50
144.50 126.00
145.00 126.50
145.50 127.00
146.00 127.50
146.50 128.00
147.00 128.50
147.50 129.00
148.00 129.50
148.50 130.00
148.50 130.50
149.00 131.00
149.00 131.50
149.00 132.00
149.50 132.50
149.50 133.00
150.00 133.50
150.00 134.00
150.00 134.50
150.00 135.00
150.00 135.50
150.50 136.00
150.50 136.50
150.50 137.00
150.50 137.50
150.50 138.00
150.50 138.50
150.50 139.00
150.50 139.50
150.50 140.00
150.50 140.50
150.50 141.00
150.50 141.50
150.50 142.00
150.50 142.50
150.00 143.00
150.00 143.50
150.00 144.00
150.00 144.50
149.50 145.00
149.50 145.50
149.50 146.00
149.00 146.50
149.00 147.00
148.50 147.50
148.50 148.00
148.00 148.50
147.50 149.00
147.50 149.50
147.00 150.00
146.50 150.50
146.00 151.00
145.50 151.50
145.00 152.00
144.50 152.50
144.00 152.50
143.50 153.00
143.00 153.00
142.50 153.50
142.00 154.00
141.50 154.00
141.00 154.00
140.50 154.50
140.00 155.00
139.50 155.00
139.00 155.50
138.50 155.50
138.00 155.50
137.50 156.00
137.00 156.50
136.50 156.50
136.00 156.50
135.50 157.00
135.00 157.00
134.50 157.00
134.00 157.50
133.50 157.50
133.00 157.50
132.50 158.00
132.00 158.00
131.50 158.00
131.00 158.00
130.50 158.00
130.00 158.00
129.50 158.00
129.00 158.00
128.50 158.00
128.00 158.00
127.50 158.00
127.00 157.50
126.50 157.50
126.00 157.50
125.50 157.50
125.00 157.00
124.50 157.00
124.00 156.50
123.50 156.50
123.00 156.50
122.50 156.00
122.00 156.00
121.50 155.50
121.00 155.50
120.50 155.50
120.00 155.00
119.50 154.50
119.00 154.50
118.50 154.00
118.00 154.00
117.50 153.50
117.00 153.50
116.50 153.00
116.00 152.50
115.50 152.50
115.00 152.00
114.50 151.50
114.00 151.00
113.50 151.00
113.00 150.50
113.00 150.00
112.50 149.50
112.00 149.00
111.50 148.50
111.50 148.00
111.50 147.50
111.00 147.00
111.00 146.50
110.50 146.00
110.50 145.50
110.50 145.00
110.00 144.50
110.00 144.00
110.00 143.50
110.00 143.00
110.00 142.50
110.00 142.00
110.00 141.50
110.00 141.00
110.00 140.50
110.00 140.00
110.00 139.50
110.00 139.00
110.00 138.50
110.00 138.00
110.50 137.50
110.50 137.00
110.50 136.50
110.50 136.00
111.00 135.50
111.00 135.00
111.50 134.50
111.50 134.00
112.00 133.50
112.50 133.00
112.50 132.50
113.00 132.00
113.50 131.50
113.50 131.00
114.00 130.50
114.50 130.00
115.00 129.50
115.50 129.00
116.00 128.50
116.50 128.00
117.00 127.50
117.50 127.50
118.00 127.00
118.50 126.50
119.00 126.00
119.50 125.50
120.00 125.00
120.50 125.00
121.00 124.50
121.50 124.00
122.00 123.50
122.50 123.00
123.00 122.50
123.50 122.50
124.00 122.00
124.50 121.50
125.00 121.00
125.50 120.50
126.00 120.50
126.50 120.00
127.00 120.00
127.50 119.50
128.00 119.50
128.50 119.00
129.00 119.00
129.50 119.00
130.00 119.00
130.50 119.00
131.00 119.00
131.50 119.00
132.00 119.00
132.50 119.00
133.00 119.00
133.50 119.00
134.00 119.00
134.50 119.00
135.00 119.50
