123.00 153.00
122.50 152.50
122.00 152.00
121.50 151.50
121.00 151.00
120.50 150.50
120.00 150.00
119.50 149.50
119.00 149.50
118.50 149.00
118.50 148.50
118.00 148.00
117.50 147.50
117.50 147.00
117.00 146.50
117.00 146.00
116.50 145.50
116.50 145.00
116.50 144.50
116.50 144.00
116.00 143.50
116.00 143.00
116.00 142.50
116.00 142.00
116.00 141.50
116.00 141.00
116.00 140.50
116.00 140.00
116.00 139.50
116.00 139.00
115.50 138.50
115.50 138.00
116.00 137.50
116.00 137.00
116.00 136.50
116.00 136.00
116.50 135.50
116.50 135.00
116.50 134.50
117.00 134.00
117.50 133.50
118.00 133.00
118.50 132.50
119.00 132.00
119.00 131.50
119.50 131.00
120.00 130.50
120.50 130.00
121.00 129.50
121.50 129.00
122.00 128.50
122.50 128.50
123.00 128.00
123.50 128.00
124.00 128.00
124.50 127.50
125.00 127.50
125.50 127.50
126.00 127.00
126.50 127.00
127.00 127.00
127.50 126.50
128.00 126.50
128.50 126.50
129.00 126.50
129.50 126.00
130.00 126.00
130.50 126.00
131.00 126.00
131.50 126.00
132.00 126.00
132.50 126.00
133.00 126.00
133.50 126.00
134.00 126.00
134.50 126.00
135.00 126.00
135.50 126.00
136.00 126.50
136.50 126.50
137.00 127.00
137.50 127.00
138.00 127.00
138.50 127.50
139.00 127.50
139.50 128.00
140.00 128.00
140.50 128.50
141.00 128.50
141.50 129.00
142.00 129.50
142.50 129.50
143.00 130.00
143.50 130.50
144.00 131.00
144.50 131.50
145.00 132.00
145.50 132.50
145.50 133.00
146.00 133.50
146.50 134.00
147.00 134.50
147.00 135.00
147.50 135.50
147.50 136.00
147.50 136.50
147.50 137.00
147.50 137.50
148.00 138.00
148.00 138.50
148.00 139.00
148.00 139.50
148.00 140.00
148.00 140.50
148.00 141.00
148.00 141.50
147.50 142.00
147.50 142.50
147.50 143.00
147.50 143.50
147.50 144.00
147.50 144.50
147.00 145.00
147.00 145.50
146.50 146.00
146.00 146.50
146.00 147.00
145.50 147.50
145.00 148.00
145.00 148.50
144.50 149.00
144.00 149.50
143.50 150.00
143.00 150.00
142.50 150.50
142.00 151.00
141.50 151.50
141.00 151.50
140.50 152.00
140.00 152.00
139.50 152.50
139.00 153.00
138.50 153.00
138.00 153.00
137.50 153.50
137.00 153.50
136.50 153.50
136.00 153.50
135.50 154.00
135.00 154.00
134.50 154.00
134.00 154.00
133.50 154.00
133.00 154.00
132.50 154.00
132.00 154.00
131.50 154.00
131.00 154.00
130.50 154.00
130.00 154.00
129.50 154.00
129.00 154.00
128.50 154.00
128.00 154.00
127.50 154.00
127.00 154.00
126.50 154.00
126.00 154.00
125.50 154.00
125.00 153.50
124.50 153.50
124.00 153.00
123.50 153.00
