119.50 103.00
120.00 102.50
120.50 102.00
121.00 102.00
121.50 102.00
122.00 101.50
122.50 101.00
123.00 101.00
123.50 101.00
124.00 100.50
124.50 100.00
125.00 100.00
125.50 100.00
126.00 99.50
126.50 99.50
127.00 99.50
127.50 99.50
128.00 99.00
128.50 99.00
129.00 99.00
129.50 99.00
130.00 99.00
130.50 99.00
131.00 99.00
131.50 99.00
132.00 99.00
132.50 99.00
133.00 99.00
133.50 99.00
134.00 99.00
134.50 99.00
135.00 99.50
135.50 99.50
136.00 99.50
136.50 99.50
137.00 100.00
137.50 100.00
138.00 100.00
138.50 100.50
139.00 100.50
139.50 100.50
140.00 101.00
140.50 101.00
141.00 101.50
141.50 101.50
142.00 102.00
142.50 102.00
143.00 102.50
143.50 103.00
144.00 103.50
144.50 103.50
145.00 104.00
145.50 104.50
146.00 105.00
146.50 105.50
147.00 106.00
147.50 106.50
147.50 107.00
148.00 107.50
148.50 108.00
149.00 108.50
149.00 109.00
149.50 109.50
150.00 110.00
150.00 110.50
150.00 111.00
150.50 111.50
151.00 112.00
151.00 112.50
151.00 113.00
151.50 113.50
151.50 114.00
152.00 114.50
152.00 115.00
152.00 115.50
152.50 116.00
153.00 116.50
153.00 117.00
153.00 117.50
153.50 118.00
153.50 118.50
154.00 119.00
154.50 119.50
154.50 120.00
154.50 120.50
155.00 121.00
155.00 121.50
155.50 122.00
155.50 122.50
155.50 123.00
156.00 123.50
156.00 124.00
156.00 124.50
156.00 125.00
156.00 125.50
156.00 126.00
156.00 126.50
156.00 127.00
155.50 127.50
155.50 128.00
155.50 128.50
155.00 129.00
155.00 129.50
155.00 130.00
154.50 130.50
154.00 131.00
154.00 131.50
154.00 132.00
153.50 132.50
153.00 133.00
153.00 133.50
152.50 134.00
152.50 134.50
152.00 135.00
152.00 135.50
151.50 136.00
151.00 136.50
150.50 137.00
150.50 137.50
150.50 138.00
150.00 138.50
149.50 139.00
149.50 139.50
149.00 140.00
148.50 140.50
148.50 141.00
148.00 141.50
147.50 142.00
147.50 142.50
147.00 143.00
146.50 143.50
146.00 144.00
145.50 144.00
145.00 144.50
144.50 145.00
144.00 145.00
143.50 145.50
143.00 145.50
142.50 146.00
142.00 146.00
141.50 146.00
141.00 146.50
140.50 146.50
140.00 146.50
139.50 147.00
139.00 147.00
138.50 147.00
138.00 147.50
137.50 147.50
137.00 147.50
136.50 147.50
136.00 147.50
135.50 148.00
135.00 148.00
134.50 148.00
134.00 148.00
133.50 148.00
133.00 148.50
132.50 148.50
132.00 148.50
131.50 148.50
131.00 148.50
130.50 148.50
130.00 148.50
129.50 148.50
129.00 148.50
128.50 148.50
128.00 148.50
127.50 148.50
127.00 148.50
126.50 148.00
126.00 148.00
125.50 148.00
125.00 148.00
124.50 147.50
124.00 147.50
123.50 147.50
123.00 147.00
122.50 147.00
122.00 147.00
121.50 146.50
121.00 146.00
120.50 146.00
120.00 145.50
119.50 145.00
119.00 144.50
118.50 144.00
118.00 143.50
117.50 143.00
117.00 142.50
116.50 142.00
116.50 141.50
116.00 141.00
115.50 140.50
115.50 140.00
115.00 139.50
114.50 139.00
114.50 138.50
114.00 138.00
114.00 137.50
113.50 137.00
113.50 136.50
113.00 136.00
113.00 135.50
112.50 135.00
112.50 134.50
112.50 134.00
112.00 133.50
112.00 133.00
112.00 132.50
111.50 132.00
111.50 131.50
111.50 131.00
111.50 130.50
111.50 130.00
111.00 129.50
111.00 129.00
111.00 128.50
111.00 128.00
111.00 127.50
111.00 127.00
111.00 126.50
111.00 126.00
111.00 125.50
111.00 125.00
111.00 124.50
111.00 124.00
111.00 123.50
111.00 123.00
111.00 122.50
111.00 122.00
111.00 121.50
111.00 121.00
111.00 120.50
111.00 120.00
111.00 119.50
111.50 119.00
111.50 118.50
111.50 118.00
111.50 117.50
111.50 117.00
112.00 116.50
112.00 116.00
112.00 115.50
112.00 115.00
112.50 114.50
112.50 114.00
112.50 113.50
113.00 113.00
113.00 112.50
113.00 112.00
113.00 111.50
113.50 111.00
113.50 110.50
114.00 110.00
114.00 109.50
114.50 109.00
114.50 108.50
115.00 108.00
115.50 107.50
116.00 107.00
116.00 106.50
116.50 106.00
117.00 105.50
117.50 105.00
118.00 104.50
118.50 104.00
119.00 103.50
