142.00 140.00
141.50 140.00
141.00 140.50
140.50 140.50
140.00 141.00
139.50 141.50
139.00 141.50
138.50 142.00
138.00 142.00
137.50 142.00
137.00 142.50
136.50 142.50
136.00 142.50
135.50 143.00
135.00 143.00
134.50 143.00
134.00 143.00
133.50 143.00
133.00 143.00
132.50 143.00
132.00 143.00
131.50 143.00
131.00 143.00
130.50 143.00
130.00 143.00
129.50 143.00
129.00 142.50
128.50 142.50
128.00 142.50
127.50 142.50
127.00 142.50
126.50 142.00
126.00 142.00
125.50 142.00
125.00 141.50
124.50 141.50
124.00 141.50
123.50 141.00
123.00 141.00
122.50 140.50
122.00 140.50
121.50 140.00
121.00 139.50
120.50 139.50
120.00 139.00
119.50 139.00
119.00 138.50
118.50 138.00
118.00 137.50
117.50 137.00
117.00 136.50
116.50 136.00
116.00 135.50
116.00 135.00
115.50 134.50
115.00 134.00
114.50 133.50
114.50 133.00
114.00 132.50
113.50 132.00
113.50 131.50
113.00 131.00
112.50 130.50
112.50 130.00
112.50 129.50
112.00 129.00
112.00 128.50
112.00 128.00
111.50 127.50
111.50 127.00
111.50 126.50
111.50 126.00
111.50 125.50
111.50 125.00
111.00 124.50
111.00 124.00
111.00 123.50
111.00 123.00
111.00 122.50
110.50 122.00
110.50 121.50
110.50 121.00
110.50 120.50
110.50 120.00
110.50 119.50
110.50 119.00
110.50 118.50
110.50 118.00
111.00 117.50
111.00 117.00
111.00 116.50
111.00 116.00
111.50 115.50
111.50 115.00
111.50 114.50
112.00 114.00
112.00 113.50
112.50 113.00
112.50 112.50
112.50 112.00
113.00 111.50
113.00 111.00
113.00 110.50
113.50 110.00
113.50 109.50
113.50 109.00
114.00 108.50
114.00 108.00
114.00 107.50
114.50 107.00
114.50 106.50
115.00 106.00
115.50 105.50
116.00 105.00
116.00 104.50
116.50 104.00
117.00 103.50
117.50 103.50
118.00 103.00
118.50 102.50
119.00 102.00
119.50 101.50
120.00 101.50
120.50 101.00
121.00 100.50
121.50 100.50
122.00 100.00
122.50 99.50
123.00 99.50
123.50 99.00
124.00 98.50
124.50 98.50
125.00 98.00
125.50 98.00
126.00 97.50
126.50 97.50
127.00 97.50
127.50 97.00
128.00 97.00
128.50 97.00
129.00 97.00
129.50 97.00
130.00 97.00
130.50 97.00
131.00 97.00
131.50 97.00
132.00 97.50
132.50 97.50
133.00 97.50
133.50 97.50
134.00 98.00
134.50 98.00
135.00 98.00
135.50 98.50
136.00 98.50
136.50 98.50
137.00 99.00
137.50 99.00
138.00 99.00
138.50 99.50
139.00 99.50
139.50 100.00
140.00 100.00
140.50 100.50
141.00 100.50
141.50 100.50
142.00 101.00
142.50 101.50
143.00 101.50
143.50 102.00
144.00 102.50
144.50 103.00
145.00 103.50
145.50 103.50
146.00 104.00
146.50 104.50
147.00 105.00
147.50 105.50
148.00 106.00
148.50 106.50
149.00 107.00
149.50 107.50
150.00 108.00
150.50 108.50
151.00 109.00
151.00 109.50
151.50 110.00
152.00 110.50
152.00 111.00
152.00 111.50
152.50 112.00
152.50 112.50
152.50 113.00
153.00 113.50
153.00 114.00
153.00 114.50
153.50 115.00
153.50 115.50
153.50 116.00
153.50 116.50
153.50 117.00
154.00 117.50
154.00 118.00
154.00 118.50
154.00 119.00
154.00 119.50
154.00 120.00
154.50 120.50
154.50 121.00
154.50 121.50
154.50 122.00
154.50 122.50
154.50 123.00
154.50 123.50
155.00 124.00
155.00 124.50
155.00 125.00
155.00 125.50
155.00 126.00
155.00 126.50
155.00 127.00
155.00 127.50
154.50 128.00
154.50 128.50
154.50 129.00
154.50 129.50
154.50 130.00
154.00 130.50
154.00 131.00
153.50 131.50
153.50 132.00
153.50 132.50
153.00 133.00
153.00 133.50
152.50 134.00
152.00 134.50
151.50 135.00
151.00 135.50
150.50 136.00
150.00 136.00
149.50 136.50
149.00 136.50
148.50 137.00
148.00 137.00
147.50 137.50
147.00 138.00
146.50 138.00
146.00 138.00
145.50 138.50
145.00 139.00
144.50 139.00
144.00 139.00
143.50 139.50
143.00 139.50
142.50 140.00
