140.00 136.50
139.50 136.50
139.00 137.00
138.50 137.00
138.00 137.50
137.50 137.50
137.00 137.50
136.50 138.00
136.00 138.00
135.50 138.00
135.00 138.50
134.50 138.50
134.00 138.50
133.50 138.50
133.00 138.50
132.50 138.50
132.00 138.50
131.50 138.50
131.00 138.50
130.50 138.50
130.00 138.00
129.50 138.00
129.00 138.00
128.50 138.00
128.00 137.50
127.50 137.50
127.00 137.00
126.50 137.00
126.00 136.50
125.50 136.50
125.00 136.50
124.50 136.50
124.00 136.00
123.50 136.00
123.00 135.50
122.50 135.50
122.00 135.50
121.50 135.00
121.00 134.50
120.50 134.50
120.00 134.50
119.50 134.00
119.00 133.50
118.50 133.00
118.00 132.50
117.50 132.00
117.00 131.50
116.50 131.00
116.00 130.50
115.50 130.00
115.00 129.50
115.00 129.00
114.50 128.50
114.00 128.00
114.00 127.50
114.00 127.00
113.50 126.50
113.50 126.00
113.50 125.50
113.00 125.00
113.00 124.50
113.00 124.00
113.00 123.50
113.00 123.00
112.50 122.50
112.50 122.00
112.50 121.50
112.50 121.00
112.50 120.50
112.50 120.00
112.50 119.50
112.50 119.00
112.50 118.50
112.50 118.00
112.50 117.50
112.50 117.00
112.50 116.50
112.50 116.00
112.50 115.50
112.50 115.00
113.00 114.50
113.00 114.00
113.00 113.50
113.50 113.00
113.50 112.50
114.00 112.00
114.00 111.50
114.50 111.00
114.50 110.50
115.00 110.00
115.00 109.50
115.50 109.00
115.50 108.50
116.00 108.00
116.00 107.50
116.50 107.00
116.50 106.50
117.00 106.00
117.50 105.50
117.50 105.00
118.00 104.50
118.50 104.00
119.00 103.50
119.50 103.00
120.00 102.50
120.50 102.00
121.00 102.00
121.50 101.50
122.00 101.00
122.50 101.00
123.00 100.50
123.50 100.50
124.00 100.00
124.50 100.00
125.00 99.50
125.50 99.50
126.00 99.00
126.50 98.50
127.00 98.50
127.50 98.00
128.00 97.50
128.50 97.50
129.00 97.00
129.50 97.00
130.00 96.50
130.50 96.50
131.00 96.00
131.50 96.00
132.00 96.00
132.50 96.00
133.00 96.00
133.50 96.00
134.00 96.00
134.50 96.00
135.00 96.50
135.50 96.50
136.00 96.50
136.50 96.50
137.00 97.00
137.50 97.00
138.00 97.00
138.50 97.00
139.00 97.50
139.50 97.50
140.00 98.00
140.50 98.00
141.00 98.00
141.50 98.50
142.00 98.50
142.50 99.00
143.00 99.50
143.50 100.00
144.00 100.50
144.50 101.00
145.00 101.50
145.50 102.00
145.50 102.50
146.00 103.00
146.50 103.50
147.00 104.00
147.50 104.50
147.50 105.00
148.00 105.50
148.50 106.00
149.00 106.50
149.50 107.00
149.50 107.50
150.00 108.00
150.50 108.50
151.00 109.00
151.00 109.50
151.50 110.00
151.50 110.50
151.50 111.00
152.00 111.50
152.00 112.00
152.50 112.50
152.50 113.00
152.50 113.50
153.00 114.00
153.00 114.50
153.00 115.00
153.00 115.50
153.50 116.00
153.50 116.50
153.50 117.00
153.50 117.50
153.50 118.00
153.50 118.50
153.50 119.00
153.50 119.50
153.50 120.00
153.50 120.50
153.50 121.00
153.50 121.50
153.00 122.00
153.00 122.50
153.00 123.00
153.00 123.50
153.00 124.00
152.50 124.50
152.50 125.00
152.00 125.50
152.00 126.00
151.50 126.50
151.00 127.00
151.50 127.50
151.00 128.00
150.50 128.50
150.00 129.00
149.50 129.50
149.50 130.00
149.00 130.50
148.50 131.00
148.00 131.50
147.50 132.00
147.00 132.50
146.50 133.00
146.00 133.50
145.50 134.00
145.00 134.50
144.50 135.00
144.00 135.00
143.50 135.50
143.00 135.50
142.50 135.50
142.00 135.50
141.50 135.50
141.00 136.00
140.50 136.00
