115.00 126.50
115.00 126.00
114.50 125.50
114.50 125.00
114.00 124.50
114.00 124.00
114.00 123.50
114.00 123.00
113.50 122.50
113.50 122.00
113.50 121.50
113.50 121.00
113.50 120.50
113.50 120.00
113.50 119.50
113.00 119.00
113.00 118.50
113.00 118.00
113.00 117.50
113.00 117.00
113.00 116.50
113.00 116.00
113.50 115.50
113.50 115.00
113.50 114.50
113.50 114.00
113.50 113.50
113.50 113.00
114.00 112.50
114.00 112.00
114.50 111.50
114.50 111.00
114.50 110.50
115.00 110.00
115.00 109.50
115.50 109.00
115.50 108.50
116.00 108.00
116.50 107.50
116.50 107.00
117.00 106.50
117.00 106.00
117.50 105.50
118.00 105.00
118.00 104.50
118.50 104.00
119.00 103.50
119.00 103.00
119.50 102.50
120.00 102.00
120.50 101.50
120.50 101.00
121.00 100.50
121.50 100.00
122.00 100.00
122.50 99.50
123.00 99.00
123.50 99.00
124.00 98.50
124.50 98.50
125.00 98.50
125.50 98.00
126.00 98.00
126.50 98.00
127.00 97.50
127.50 97.50
128.00 97.50
128.50 97.50
129.00 97.00
129.50 97.00
130.00 97.00
130.50 97.00
131.00 97.00
131.50 97.00
132.00 97.00
132.50 97.00
133.00 97.00
133.50 97.00
134.00 97.00
134.50 97.00
135.00 97.00
135.50 97.00
136.00 97.00
136.50 97.00
137.00 97.50
137.50 97.50
138.00 97.50
138.50 98.00
139.00 98.00
139.50 98.00
140.00 98.50
140.50 98.50
141.00 99.00
141.50 99.50
142.00 100.00
142.50 100.50
143.00 101.00
143.50 101.50
144.00 102.00
144.00 102.50
144.00 103.00
144.50 103.50
145.00 104.00
145.50 104.50
146.00 105.00
146.00 105.50
146.50 106.00
146.50 106.50
147.00 107.00
147.50 107.50
148.00 108.00
148.00 108.50
148.50 109.00
148.50 109.50
149.00 110.00
149.00 110.50
149.50 111.00
150.00 111.50
150.00 112.00
150.00 112.50
150.50 113.00
150.50 113.50
150.50 114.00
150.50 114.50
151.00 115.00
151.00 115.50
151.00 116.00
151.00 116.50
151.00 117.00
151.00 117.50
151.00 118.00
151.00 118.50
151.00 119.00
151.00 119.50
151.00 120.00
151.00 120.50
151.00 121.00
151.00 121.50
151.00 122.00
151.00 122.50
150.50 123.00
150.50 123.50
150.50 124.00
150.50 124.50
150.50 125.00
150.50 125.50
150.00 126.00
150.00 126.50
150.00 127.00
149.50 127.50
149.50 128.00
149.50 128.50
149.00 129.00
148.50 129.50
148.50 130.00
148.00 130.50
147.50 131.00
147.00 131.50
146.50 132.00
146.50 132.50
146.00 133.00
145.50 133.50
145.00 134.00
144.50 134.50
144.00 135.00
143.50 135.00
143.00 135.50
142.50 136.00
142.00 136.50
141.50 137.00
141.00 137.00
140.50 137.50
140.00 138.00
139.50 138.00
139.00 138.00
138.50 138.50
138.00 138.50
137.50 138.50
137.00 139.00
136.50 139.00
136.00 139.00
135.50 139.00
135.00 139.00
134.50 139.00
134.00 139.00
133.50 139.00
133.00 139.00
132.50 139.00
132.00 139.00
131.50 139.00
131.00 139.00
130.50 138.50
130.00 138.50
129.50 138.50
129.00 138.00
128.50 138.00
128.00 138.00
127.50 138.00
127.00 137.50
126.50 137.50
126.00 137.50
125.50 137.50
125.00 137.00
124.50 137.00
124.00 136.50
123.50 136.50
123.00 136.00
122.50 136.00
122.00 135.50
121.50 135.50
121.00 135.00
120.50 134.50
120.00 134.50
119.50 134.00
119.00 133.50
118.50 133.00
118.50 132.50
118.00 132.00
117.50 131.50
117.00 131.00
117.00 130.50
117.00 130.00
116.50 129.50
116.50 129.00
116.00 128.50
116.00 128.00
115.50 127.50
115.50 127.00
115.00 126.50
