124.50 98.50
125.00 98.50
125.50 98.00
126.00 98.00
126.50 97.50
127.00 97.50
127.50 97.00
128.00 97.00
128.50 97.00
129.00 96.50
129.50 96.50
130.00 96.50
130.50 96.50
131.00 96.00
131.50 96.00
132.00 96.00
132.50 96.00
133.00 96.00
133.50 96.00
134.00 96.00
134.50 96.00
135.00 96.00
135.50 96.50
136.00 96.50
136.50 96.50
137.00 97.00
137.50 97.00
138.00 97.00
138.50 97.50
139.00 97.50
139.50 98.00
140.00 98.50
140.50 98.50
141.00 99.00
141.50 99.50
142.00 100.00
142.50 100.50
143.00 101.00
143.50 101.50
144.00 102.00
144.50 102.50
145.00 103.00
145.00 103.50
145.50 104.00
146.00 104.50
146.50 105.00
147.00 105.50
147.50 106.00
148.00 106.50
148.50 107.00
148.50 107.50
148.50 108.00
149.00 108.50
149.00 109.00
149.00 109.50
149.00 110.00
149.50 110.50
149.50 111.00
149.50 111.50
149.50 112.00
149.50 112.50
149.50 113.00
149.50 113.50
149.50 114.00
149.50 114.50
149.50 115.00
149.50 115.50
149.50 116.00
149.50 116.50
149.50 117.00
149.50 117.50
150.00 118.00
150.00 118.50
150.00 119.00
150.00 119.50
150.00 120.00
150.00 120.50
150.00 121.00
150.00 121.50
150.00 122.00
150.00 122.50
149.50 123.00
149.50 123.50
149.50 124.00
149.50 124.50
149.00 125.00
149.00 125.50
148.50 126.00
148.00 126.50
148.00 127.00
147.50 127.50
147.00 128.00
147.00 128.50
146.50 129.00
146.00 129.50
145.50 130.00
145.00 130.50
144.50 131.00
144.00 131.50
143.50 131.50
143.00 132.00
142.50 132.50
142.00 132.50
141.50 133.00
141.00 133.50
140.50 133.50
140.00 134.00
139.50 134.00
139.00 134.50
138.50 134.50
138.00 134.50
137.50 135.00
137.00 135.00
136.50 135.50
136.00 135.50
135.50 135.50
135.00 135.50
134.50 135.50
134.00 136.00
133.50 136.00
133.00 136.00
132.50 136.00
132.00 136.00
131.50 136.00
131.00 136.00
130.50 136.00
130.00 136.00
129.50 136.00
129.00 136.00
128.50 136.00
128.00 136.00
127.50 136.00
127.00 135.50
126.50 135.50
126.00 135.00
125.50 135.00
125.00 135.00
124.50 134.50
124.00 134.00
123.50 134.00
123.00 133.50
122.50 133.00
122.00 133.00
121.50 132.50
121.00 132.50
120.50 132.00
120.00 132.00
119.50 131.50
119.00 131.00
118.50 130.50
118.00 130.50
117.50 130.00
117.00 129.50
116.50 129.00
116.00 128.50
115.50 128.00
115.00 127.50
114.50 127.00
114.50 126.50
114.00 126.00
114.00 125.50
113.50 125.00
113.50 124.50
113.50 124.00
113.00 123.50
113.00 123.00
113.00 122.50
113.00 122.00
113.00 121.50
113.00 121.00
113.00 120.50
113.00 120.00
113.00 119.50
113.00 119.00
113.00 118.50
113.00 118.00
113.00 117.50
113.00 117.00
113.00 116.50
113.00 116.00
113.00 115.50
113.00 115.00
113.00 114.50
113.50 114.00
113.50 113.50
113.50 113.00
113.50 112.50
113.50 112.00
114.00 111.50
114.00 111.00
114.50 110.50
114.50 110.00
115.00 109.50
115.00 109.00
115.50 108.50
115.50 108.00
116.00 107.50
116.50 107.00
116.50 106.50
117.00 106.00
117.00 105.50
117.50 105.00
117.50 104.50
118.00 104.00
118.50 103.50
118.50 103.00
119.00 102.50
119.50 102.00
120.00 101.50
120.50 101.00
121.00 101.00
121.50 100.50
122.00 100.00
122.50 100.00
123.00 99.50
123.50 99.50
124.00 99.00
