118.50 131.50
118.00 131.00
118.00 130.50
117.50 130.00
117.50 129.50
117.00 129.00
117.00 128.50
116.50 128.00
116.50 127.50
116.50 127.00
116.00 126.50
115.50 126.00
115.50 125.50
115.00 125.00
115.00 124.50
115.00 124.00
114.50 123.50
114.50 123.00
114.50 122.50
114.00 122.00
114.00 121.50
114.00 121.00
114.00 120.50
114.00 120.00
114.00 119.50
114.00 119.00
114.50 118.50
114.50 118.00
114.50 117.50
115.00 117.00
115.00 116.50
115.50 116.00
115.50 115.50
116.00 115.00
116.00 114.50
116.50 114.00
116.50 113.50
117.00 113.00
117.00 112.50
117.50 112.00
117.50 111.50
118.00 111.00
118.00 110.50
118.50 110.00
118.50 109.50
119.00 109.00
119.00 108.50
119.50 108.00
120.00 107.50
120.00 107.00
120.50 106.50
121.00 106.00
121.50 105.50
122.00 105.00
122.50 105.00
123.00 104.50
123.50 104.00
124.00 104.00
124.50 103.50
125.00 103.50
125.50 103.00
126.00 103.00
126.50 103.00
127.00 103.00
127.50 102.50
128.00 102.50
128.50 102.50
129.00 102.50
129.50 102.50
130.00 102.50
130.50 102.50
131.00 103.00
131.50 103.00
132.00 103.00
132.50 103.00
133.00 103.00
133.50 103.00
134.00 103.00
134.50 103.00
135.00 103.50
135.50 103.50
136.00 103.50
136.50 103.50
137.00 104.00
137.50 104.00
138.00 104.00
138.50 104.50
139.00 104.50
139.50 105.00
140.00 105.50
140.50 106.00
141.00 106.50
141.50 107.00
142.00 107.50
142.00 108.00
142.50 108.50
143.00 109.00
143.00 109.50
143.50 110.00
143.50 110.50
144.00 111.00
144.00 111.50
144.50 112.00
144.50 112.50
145.00 113.00
145.00 113.50
145.00 114.00
145.50 114.50
145.50 115.00
145.50 115.50
146.00 116.00
146.00 116.50
146.00 117.00
146.50 117.50
146.50 118.00
146.50 118.50
146.50 119.00
147.00 119.50
147.00 120.00
147.00 120.50
147.00 121.00
147.50 121.50
147.50 122.00
147.50 122.50
147.50 123.00
147.50 123.50
147.50 124.00
147.50 124.50
147.50 125.00
147.50 125.50
147.50 126.00
147.50 126.50
147.00 127.00
147.00 127.50
146.50 128.00
146.00 128.50
146.00 129.00
145.50 129.50
145.00 130.00
145.00 130.50
144.50 131.00
144.00 131.50
143.50 132.00
143.50 132.50
143.00 133.00
142.50 133.50
142.00 134.00
141.50 134.50
141.50 135.00
141.00 135.50
140.50 136.00
140.00 136.00
139.50 136.50
139.00 137.00
138.50 137.50
138.00 138.00
137.50 138.00
137.00 138.50
136.50 138.50
136.00 139.00
135.50 139.00
135.00 139.00
134.50 139.50
134.00 139.50
133.50 140.00
133.00 140.00
132.50 140.00
132.00 140.00
131.50 140.00
131.00 140.00
130.50 140.50
130.00 140.50
129.50 140.50
129.00 140.50
128.50 140.00
128.00 140.00
127.50 140.00
127.00 140.00
126.50 140.00
126.00 139.50
125.50 139.50
125.00 139.00
124.50 138.50
124.00 138.00
123.50 137.50
123.00 137.00
122.50 136.50
122.50 136.00
122.00 135.50
121.50 135.00
121.00 134.50
121.00 134.00
120.50 133.50
120.00 133.00
120.00 132.50
119.50 132.00
119.00 132.00
118.50 131.50
