125.00 102.50
125.50 102.50
126.00 102.00
126.50 102.00
127.00 101.50
127.50 101.00
128.00 101.00
128.50 100.50
129.00 100.50
129.50 100.50
130.00 100.00
130.50 100.00
131.00 100.00
131.50 99.50
132.00 99.50
132.50 99.50
133.00 99.50
133.50 99.50
134.00 99.50
134.50 99.50
135.00 99.50
135.50 99.50
136.00 99.50
136.50 99.50
137.00 100.00
137.50 100.00
138.00 100.00
138.50 100.50
139.00 101.00
139.50 101.00
140.00 101.50
140.50 101.50
141.00 102.00
141.50 102.50
142.00 103.00
142.50 103.50
143.00 104.00
143.50 104.50
144.00 105.00
144.50 105.50
145.00 106.00
145.50 106.50
145.50 107.00
146.00 107.50
146.50 108.00
146.50 108.50
147.00 109.00
147.00 109.50
147.00 110.00
147.00 110.50
147.00 111.00
147.00 111.50
147.00 112.00
147.00 112.50
147.00 113.00
147.00 113.50
147.00 114.00
147.00 114.50
147.00 115.00
147.00 115.50
147.00 116.00
147.00 116.50
147.00 117.00
147.00 117.50
147.00 118.00
147.00 118.50
147.00 119.00
147.00 119.50
147.00 120.00
147.00 120.50
147.50 121.00
147.00 121.50
147.00 122.00
147.00 122.50
147.00 123.00
147.00 123.50
147.00 124.00
147.00 124.50
146.50 125.00
146.50 125.50
146.00 126.00
146.00 126.50
145.50 127.00
145.50 127.50
145.00 128.00
145.00 128.50
144.50 129.00
144.00 129.50
144.00 130.00
144.00 130.50
143.50 131.00
143.50 131.50
143.00 132.00
143.00 132.50
142.50 133.00
142.50 133.50
142.50 134.00
142.00 134.50
141.50 135.00
141.50 135.50
141.00 136.00
140.50 136.50
140.50 137.00
140.00 137.50
139.50 137.50
139.00 138.00
138.50 138.50
138.00 138.50
137.50 139.00
137.00 139.50
136.50 139.50
136.00 140.00
135.50 140.00
135.00 140.00
134.50 140.50
134.00 140.50
133.50 140.50
133.00 140.50
132.50 140.50
132.00 141.00
131.50 141.00
131.00 141.00
130.50 141.00
130.00 141.00
129.50 141.00
129.00 141.00
128.50 141.00
128.00 141.00
127.50 141.00
127.00 141.00
126.50 141.00
126.00 141.00
125.50 141.00
125.00 140.50
124.50 140.50
124.00 140.50
123.50 140.50
123.00 140.00
122.50 139.50
122.00 139.50
121.50 139.00
121.00 139.00
120.50 138.50
120.00 138.00
119.50 137.50
119.00 137.00
118.50 136.50
118.00 136.00
117.50 135.50
117.50 135.00
117.00 134.50
116.50 134.00
116.00 133.50
116.00 133.00
115.50 132.50
115.50 132.00
115.00 131.50
115.00 131.00
115.00 130.50
114.50 130.00
114.50 129.50
114.50 129.00
114.50 128.50
114.50 128.00
114.50 127.50
114.50 127.00
114.50 126.50
114.50 126.00
114.50 125.50
114.50 125.00
114.50 124.50
115.00 124.00
115.00 123.50
115.00 123.00
115.00 122.50
115.00 122.00
115.50 121.50
115.50 121.00
115.50 120.50
116.00 120.00
116.00 119.50
116.00 119.00
116.00 118.50
116.00 118.00
116.50 117.50
116.50 117.00
116.50 116.50
116.50 116.00
116.50 115.50
116.50 115.00
117.00 114.50
117.00 114.00
117.00 113.50
117.00 113.00
117.00 112.50
117.50 112.00
117.50 111.50
117.50 111.00
118.00 110.50
118.00 110.00
118.50 109.50
118.50 109.00
118.50 108.50
119.00 108.00
119.50 107.50
120.00 107.00
120.00 106.50
120.50 106.00
121.00 106.00
121.50 105.50
122.00 105.00
122.50 104.50
123.00 104.00
123.50 103.50
124.00 103.50
124.50 103.00
