118.50 104.00
119.00 103.50
119.50 103.00
120.00 102.50
120.50 102.00
121.00 101.50
121.50 101.00
122.00 100.50
122.50 100.00
123.00 99.50
123.50 99.00
124.00 99.00
124.50 98.50
125.00 98.00
125.50 98.00
126.00 97.50
126.50 97.00
127.00 97.00
127.50 96.50
128.00 96.50
128.50 96.50
129.00 96.00
129.50 96.00
130.00 95.50
130.50 95.50
131.00 95.50
131.50 95.50
132.00 95.50
132.50 95.50
133.00 95.50
133.50 95.50
134.00 95.50
134.50 95.50
135.00 96.00
135.50 96.00
136.00 96.50
136.50 96.50
137.00 97.00
137.50 97.00
138.00 97.50
138.50 98.00
139.00 98.50
139.50 98.50
140.00 99.00
140.50 99.00
141.00 99.50
141.50 100.00
142.00 100.00
142.50 100.50
143.00 100.50
143.50 101.00
144.00 101.50
144.50 101.50
145.00 102.00
145.50 102.50
146.00 103.00
146.50 103.50
147.00 104.00
147.50 104.50
148.00 105.00
148.00 105.50
148.50 106.00
148.50 106.50
149.00 107.00
149.50 107.50
149.50 108.00
150.00 108.50
150.00 109.00
150.50 109.50
150.50 110.00
151.00 110.50
151.00 111.00
151.50 111.50
151.50 112.00
152.00 112.50
152.00 113.00
152.50 113.50
152.50 114.00
152.50 114.50
153.00 115.00
153.00 115.50
153.50 116.00
153.50 116.50
154.00 117.00
154.00 117.50
154.50 118.00
154.50 118.50
154.50 119.00
155.00 119.50
155.00 120.00
155.00 120.50
155.00 121.00
155.50 121.50
155.50 122.00
155.50 122.50
155.50 123.00
155.50 123.50
155.50 124.00
155.50 124.50
155.50 125.00
155.50 125.50
155.50 126.00
155.50 126.50
155.50 127.00
155.50 127.50
155.50 128.00
155.00 128.50
155.00 129.00
155.00 129.50
155.00 130.00
154.50 130.50
154.50 131.00
154.50 131.50
154.00 132.00
154.00 132.50
154.00 133.00
153.50 133.50
153.50 134.00
153.00 134.50
152.50 135.00
152.50 135.50
152.00 136.00
152.00 136.50
151.50 137.00
151.00 137.50
151.00 138.00
150.50 138.50
150.00 139.00
149.50 139.50
149.50 140.00
149.00 140.50
148.50 140.50
148.00 141.00
147.50 141.50
147.00 141.50
146.50 142.00
146.00 142.00
145.50 142.50
145.00 142.50
144.50 142.50
144.00 143.00
143.50 143.00
143.00 143.00
142.50 143.50
142.00 143.50
141.50 143.50
141.00 143.50
140.50 144.00
140.00 144.00
139.50 144.00
139.00 144.00
138.50 144.50
138.00 144.50
137.50 144.50
137.00 144.50
136.50 144.50
136.00 145.00
135.50 145.00
135.00 145.00
134.50 145.00
134.00 145.00
133.50 145.00
133.00 145.00
132.50 145.00
132.00 145.00
131.50 145.00
131.00 145.00
130.50 145.00
130.00 144.50
129.50 144.50
129.00 144.50
128.50 144.50
128.00 144.00
127.50 144.00
127.00 144.00
126.50 143.50
126.00 143.50
125.50 143.50
125.00 143.00
124.50 143.00
124.00 143.00
123.50 142.50
123.00 142.50
122.50 142.00
122.00 142.00
121.50 141.50
121.00 141.00
120.50 141.00
120.00 140.50
119.50 140.00
119.00 139.50
118.50 139.00
118.00 138.50
117.50 138.00
117.50 137.50
117.00 137.00
116.50 136.50
116.50 136.00
116.00 135.50
115.50 135.00
115.00 134.50
115.00 134.00
114.50 133.50
114.00 133.00
113.50 132.50
113.00 132.00
113.00 131.50
112.50 131.00
112.50 130.50
112.00 130.00
112.00 129.50
111.50 129.00
111.50 128.50
111.00 128.00
111.00 127.50
111.00 127.00
111.00 126.50
111.00 126.00
110.50 125.50
110.50 125.00
110.50 124.50
110.50 124.00
110.50 123.50
110.50 123.00
111.00 122.50
111.00 122.00
111.00 121.50
111.00 121.00
111.00 120.50
111.00 120.00
111.00 119.50
111.00 119.00
111.00 118.50
111.00 118.00
111.50 117.50
111.50 117.00
111.50 116.50
111.50 116.00
111.50 115.50
111.50 115.00
111.50 114.50
112.00 114.00
112.00 113.50
112.00 113.00
112.00 112.50
112.50 112.00
112.50 111.50
112.50 111.00
113.00 110.50
113.00 110.00
113.50 109.50
114.00 109.00
114.50 108.50
114.50 108.00
115.00 107.50
115.50 107.00
116.00 106.50
116.50 106.00
117.00 105.50
117.50 105.00
118.00 104.50
