130.00 112.50
130.50 112.50
131.00 112.50
131.50 113.00
132.00 113.00
132.50 113.00
133.00 113.50
133.50 113.50
134.00 113.50
134.50 114.00
135.00 114.00
135.50 114.50
136.00 114.50
136.50 115.00
137.00 115.50
137.50 116.00
137.50 116.50
138.00 117.00
138.00 117.50
138.00 118.00
138.00 118.50
138.50 119.00
138.50 119.50
138.50 120.00
138.50 120.50
138.50 121.00
138.50 121.50
138.50 122.00
138.50 122.50
138.00 123.00
138.00 123.50
138.00 124.00
138.00 124.50
138.00 125.00
138.00 125.50
138.00 126.00
138.00 126.50
137.50 127.00
137.50 127.50
137.50 128.00
137.50 128.50
137.50 129.00
137.00 129.50
137.00 130.00
137.00 130.50
136.50 131.00
136.00 131.50
136.00 132.00
135.50 132.50
135.50 133.00
135.00 133.50
134.50 134.00
134.50 134.50
134.00 135.00
133.50 135.50
133.00 136.00
132.50 136.00
132.00 136.00
131.50 136.50
131.00 136.50
130.50 136.50
130.00 136.50
129.50 136.50
129.00 136.50
128.50 136.50
128.00 136.50
127.50 136.50
127.00 136.00
126.50 136.00
126.00 135.50
125.50 135.00
125.00 135.00
124.50 134.50
124.00 134.00
123.50 133.50
123.00 133.00
122.50 132.50
122.00 132.00
121.50 131.50
121.00 131.00
120.50 130.50
120.50 130.00
120.00 129.50
119.50 129.00
119.50 128.50
119.50 128.00
119.50 127.50
119.00 127.00
119.00 126.50
119.00 126.00
119.00 125.50
119.00 125.00
119.00 124.50
119.00 124.00
119.00 123.50
119.50 123.00
119.50 122.50
119.50 122.00
119.50 121.50
119.50 121.00
120.00 120.50
120.00 120.00
120.00 119.50
120.50 119.00
120.50 118.50
120.50 118.00
120.50 117.50
120.50 117.00
121.00 116.50
121.00 116.00
121.50 115.50
122.00 115.00
122.50 114.50
123.00 114.50
123.50 114.00
124.00 114.00
124.50 113.50
125.00 113.50
125.50 113.50
126.00 113.00
126.50 113.00
127.00 113.00
127.50 113.00
128.00 113.00
128.50 113.00
129.00 113.00
129.50 113.00
