119.50 114.50
119.50 114.00
120.00 113.50
120.00 113.00
120.00 112.50
120.50 112.00
120.50 111.50
121.00 111.00
121.00 110.50
121.50 110.00
122.00 109.50
122.50 109.00
123.00 109.00
123.50 108.50
124.00 108.50
124.50 108.00
125.00 108.00
125.50 108.00
126.00 108.00
126.50 107.50
127.00 107.50
127.50 107.50
128.00 107.50
128.50 107.50
129.00 107.50
129.50 107.50
130.00 107.50
130.50 107.50
131.00 107.50
131.50 107.50
132.00 107.50
132.50 107.50
133.00 107.50
133.50 107.50
134.00 107.50
134.50 107.50
135.00 108.00
135.50 108.00
136.00 108.00
136.50 108.50
137.00 108.50
137.50 108.50
138.00 109.00
138.50 109.00
139.00 109.50
139.50 110.00
140.00 110.50
140.50 111.00
140.50 111.50
141.00 112.00
141.00 112.50
141.50 113.00
141.50 113.50
142.00 114.00
142.00 114.50
142.50 115.00
142.50 115.50
142.50 116.00
143.00 116.50
143.00 117.00
143.50 117.50
143.50 118.00
143.50 118.50
144.00 119.00
144.00 119.50
144.00 120.00
144.50 120.50
144.50 121.00
145.00 121.50
145.00 122.00
145.00 122.50
145.00 123.00
145.00 123.50
145.00 124.00
145.00 124.50
145.00 125.00
145.00 125.50
145.00 126.00
145.00 126.50
144.50 127.00
144.50 127.50
144.50 128.00
144.50 128.50
144.00 129.00
144.00 129.50
144.00 130.00
144.00 130.50
143.50 131.00
143.50 131.50
143.00 132.00
143.00 132.50
143.00 133.00
142.50 133.50
142.00 134.00
141.50 134.50
141.00 135.00
140.50 135.50
140.00 135.50
139.50 135.50
139.00 136.00
138.50 136.00
138.00 136.00
137.50 136.00
137.00 136.50
136.50 136.50
136.00 136.50
135.50 136.50
135.00 136.50
134.50 136.50
134.00 136.50
133.50 136.50
133.00 136.50
132.50 136.50
132.00 136.50
131.50 136.50
131.00 136.50
130.50 136.50
130.00 136.50
129.50 136.50
129.00 136.50
128.50 136.50
128.00 136.50
127.50 136.00
127.00 136.00
126.50 135.50
126.00 135.50
125.50 135.50
125.00 135.00
124.50 134.50
124.00 134.00
124.00 133.50
123.50 133.00
123.00 132.50
122.50 132.00
122.00 131.50
122.00 131.00
121.50 130.50
121.00 130.00
120.50 129.50
120.50 129.00
120.50 128.50
120.00 128.00
120.00 127.50
119.50 127.00
119.50 126.50
119.50 126.00
119.50 125.50
119.00 125.00
119.00 124.50
119.00 124.00
119.00 123.50
119.00 123.00
119.00 122.50
119.00 122.00
119.00 121.50
119.00 121.00
119.00 120.50
119.00 120.00
119.00 119.50
119.00 119.00
119.00 118.50
119.00 118.00
119.00 117.50
119.50 117.00
119.50 116.50
119.50 116.00
120.00 115.50
120.00 115.00
