114.00 128.00
113.50 127.50
113.00 127.00
113.00 126.50
112.50 126.00
112.50 125.50
112.50 125.00
112.00 124.50
112.00 124.00
112.00 123.50
112.00 123.00
112.00 122.50
112.00 122.00
112.00 121.50
112.00 121.00
112.00 120.50
112.50 120.00
112.50 119.50
112.50 119.00
112.50 118.50
113.00 118.00
113.00 117.50
113.00 117.00
113.00 116.50
113.00 116.00
113.00 115.50
113.00 115.00
113.00 114.50
113.00 114.00
113.00 113.50
113.50 113.00
113.50 112.50
113.50 112.00
113.50 111.50
113.50 111.00
113.50 110.50
114.00 110.00
114.00 109.50
114.50 109.00
114.50 108.50
115.00 108.00
115.50 107.50
116.00 107.00
116.50 106.50
117.00 106.00
117.50 105.50
118.00 105.00
118.50 104.50
119.00 104.00
119.50 103.50
120.00 103.50
120.50 103.00
121.00 103.00
121.50 102.50
122.00 102.00
122.50 101.50
123.00 101.50
123.50 101.50
124.00 101.00
124.50 101.00
125.00 100.50
125.50 100.50
126.00 100.50
126.50 100.00
127.00 100.00
127.50 100.00
128.00 100.00
128.50 100.00
129.00 99.50
129.50 99.50
130.00 99.50
130.50 99.50
131.00 99.50
131.50 99.50
132.00 99.50
132.50 99.50
133.00 99.50
133.50 99.50
134.00 99.50
134.50 99.50
135.00 99.50
135.50 99.50
136.00 99.50
136.50 100.00
137.00 100.00
137.50 100.00
138.00 100.00
138.50 100.50
139.00 100.50
139.50 100.50
140.00 101.00
140.50 101.00
141.00 101.00
141.50 101.50
142.00 102.00
142.50 102.00
143.00 102.50
143.50 103.00
144.00 103.50
144.50 104.00
145.00 104.50
145.00 105.00
145.50 105.50
146.00 106.00
146.50 106.50
146.50 107.00
147.00 107.50
147.50 108.00
147.50 108.50
148.00 109.00
148.50 109.50
149.00 110.00
149.00 110.50
149.50 111.00
149.50 111.50
150.00 112.00
150.00 112.50
150.00 113.00
150.50 113.50
150.50 114.00
150.50 114.50
150.50 115.00
150.50 115.50
150.50 116.00
150.50 116.50
150.50 117.00
150.50 117.50
150.50 118.00
150.50 118.50
150.50 119.00
150.50 119.50
150.50 120.00
150.50 120.50
150.50 121.00
150.50 121.50
150.50 122.00
150.50 122.50
150.50 123.00
150.50 123.50
150.00 124.00
150.00 124.50
150.00 125.00
150.00 125.50
150.00 126.00
150.00 126.50
150.00 127.00
150.00 127.50
149.50 128.00
149.50 128.50
149.50 129.00
149.00 129.50
149.00 130.00
149.00 130.50
148.50 131.00
148.50 131.50
148.00 132.00
148.00 132.50
147.50 133.00
147.00 133.50
147.00 134.00
146.50 134.50
146.00 134.50
145.50 135.00
145.00 135.50
144.50 135.50
144.00 136.00
143.50 136.50
143.00 136.50
142.50 137.00
142.00 137.00
141.50 137.50
141.00 137.50
140.50 138.00
140.00 138.00
139.50 138.00
139.00 138.50
138.50 138.50
138.00 138.50
137.50 138.50
137.00 139.00
136.50 139.00
136.00 139.00
135.50 139.00
135.00 139.50
134.50 139.50
134.00 139.50
133.50 139.50
133.00 139.50
132.50 139.50
132.00 139.50
131.50 139.50
131.00 139.50
130.50 139.50
130.00 139.50
129.50 139.50
129.00 139.50
128.50 139.00
128.00 139.00
127.50 139.00
127.00 139.00
126.50 138.50
126.00 138.50
125.50 138.50
125.00 138.00
124.50 138.00
124.00 138.00
123.50 137.50
123.00 137.00
122.50 137.00
122.00 137.00
121.50 136.50
121.00 136.00
120.50 136.00
120.00 135.50
119.50 135.00
119.00 134.50
118.50 134.00
118.00 133.50
117.50 133.00
117.00 132.50
116.50 132.00
116.00 131.50
116.00 131.00
115.50 130.50
115.00 130.00
115.00 129.50
114.50 129.00
114.00 128.50
