123.00 136.00
122.50 135.50
122.00 135.50
121.50 135.00
121.00 135.00
120.50 134.50
120.00 134.50
119.50 134.00
119.00 133.50
118.50 133.00
118.00 133.00
117.50 132.50
117.00 132.00
116.50 131.50
116.00 131.00
115.50 130.50
115.00 130.00
114.50 129.50
114.50 129.00
114.00 128.50
114.00 128.00
113.50 127.50
113.50 127.00
113.50 126.50
113.50 126.00
114.00 125.50
114.00 125.00
114.00 124.50
114.00 124.00
114.00 123.50
114.50 123.00
114.50 122.50
114.00 122.00
114.00 121.50
114.00 121.00
114.00 120.50
114.00 120.00
114.00 119.50
114.00 119.00
114.50 118.50
114.50 118.00
114.50 117.50
114.50 117.00
114.50 116.50
115.00 116.00
115.00 115.50
115.00 115.00
115.00 114.50
115.50 114.00
115.50 113.50
115.50 113.00
116.00 112.50
116.00 112.00
116.50 111.50
116.50 111.00
116.50 110.50
117.00 110.00
117.00 109.50
117.50 109.00
118.00 108.50
118.50 108.00
119.00 107.50
119.50 107.00
120.00 106.50
120.50 106.50
121.00 106.00
121.50 105.50
122.00 105.50
122.50 105.50
123.00 105.00
123.50 105.00
124.00 105.00
124.50 104.50
125.00 104.50
125.50 104.50
126.00 104.00
126.50 104.00
127.00 104.00
127.50 104.00
128.00 103.50
128.50 103.50
129.00 103.50
129.50 103.50
130.00 103.50
130.50 103.50
131.00 103.50
131.50 103.50
132.00 103.50
132.50 104.00
133.00 104.00
133.50 104.00
134.00 104.00
134.50 104.50
135.00 104.50
135.50 104.50
136.00 105.00
136.50 105.00
137.00 105.00
137.50 105.00
138.00 105.50
138.50 105.50
139.00 105.50
139.50 105.50
140.00 106.00
140.50 106.00
141.00 106.50
141.50 106.50
142.00 107.00
142.50 107.50
143.00 108.00
142.50 108.50
143.00 109.00
143.50 109.50
143.50 110.00
143.50 110.50
144.00 111.00
144.50 111.50
145.00 112.00
145.00 112.50
145.00 113.00
145.50 113.50
146.00 114.00
146.00 114.50
146.00 115.00
146.50 115.50
146.50 116.00
147.00 116.50
147.00 117.00
147.00 117.50
147.50 118.00
147.50 118.50
147.50 119.00
147.50 119.50
147.50 120.00
147.50 120.50
147.50 121.00
147.50 121.50
147.50 122.00
147.50 122.50
147.50 123.00
147.50 123.50
147.50 124.00
147.50 124.50
147.00 125.00
147.00 125.50
147.00 126.00
147.00 126.50
147.00 127.00
147.00 127.50
147.00 128.00
146.50 128.50
146.50 129.00
146.50 129.50
146.50 130.00
146.50 130.50
146.00 131.00
146.00 131.50
146.00 132.00
145.50 132.50
145.50 133.00
145.00 133.50
144.50 134.00
144.00 134.50
143.50 135.00
143.00 135.00
142.50 135.50
142.00 136.00
141.50 136.00
141.00 136.50
140.50 136.50
140.00 136.50
139.50 137.00
139.00 137.00
138.50 137.00
138.00 137.50
137.50 137.50
137.00 137.50
136.50 137.50
136.00 138.00
135.50 138.00
135.00 138.00
134.50 138.50
134.00 138.50
133.50 138.50
133.00 139.00
132.50 139.00
132.00 139.00
131.50 139.00
131.00 139.00
130.50 139.00
130.00 139.00
129.50 139.00
129.00 139.00
128.50 139.00
128.00 139.00
127.50 139.00
127.00 138.50
126.50 138.50
126.00 138.00
125.50 138.00
125.00 137.50
124.50 137.00
124.00 136.50
123.50 136.50
