138.00 105.00
138.50 105.00
139.00 105.00
139.50 105.00
140.00 105.00
140.50 105.00
141.00 105.00
141.50 105.00
142.00 105.00
142.50 105.50
143.00 105.50
143.50 105.50
144.00 106.00
144.50 106.00
145.00 106.50
145.50 107.00
146.00 107.00
146.50 107.50
147.00 108.00
147.50 108.00
148.00 108.50
148.50 109.00
149.00 109.50
149.50 109.50
150.00 110.00
150.50 110.50
151.00 110.50
151.50 111.00
151.50 111.50
152.00 112.00
152.50 112.50
152.50 112.00
153.00 112.50
153.00 113.00
153.50 113.50
153.50 114.00
154.00 114.50
154.00 115.00
154.00 115.50
154.00 116.00
154.50 116.50
154.50 117.00
154.50 117.50
154.50 118.00
155.00 118.50
155.00 119.00
155.00 119.50
155.50 120.00
155.50 120.50
155.50 121.00
156.00 121.50
156.00 122.00
156.00 122.50
156.00 123.00
156.00 123.50
156.00 124.00
156.00 124.50
156.00 125.00
156.00 125.50
156.00 126.00
156.00 126.50
156.00 127.00
156.00 127.50
155.50 128.00
155.50 128.50
155.50 129.00
155.50 129.50
155.00 130.00
155.00 130.50
155.00 131.00
154.50 131.50
154.50 132.00
154.50 132.50
154.00 133.00
154.00 133.50
154.00 134.00
154.00 134.50
153.50 135.00
153.50 135.50
153.50 136.00
153.50 136.50
153.00 137.00
153.00 137.50
152.50 138.00
152.50 138.50
152.50 139.00
152.00 139.50
152.00 140.00
151.50 140.50
151.00 141.00
151.00 141.50
150.50 142.00
150.00 142.50
149.50 143.00
149.50 142.50
149.00 143.00
148.50 143.50
148.00 144.00
147.50 144.50
147.00 144.50
146.50 145.00
146.00 145.50
145.50 145.50
145.00 146.00
144.50 146.00
144.00 146.50
143.50 147.00
143.00 147.00
142.50 147.50
142.00 147.50
141.50 148.00
141.00 148.00
140.50 148.50
140.00 148.50
139.50 148.50
139.00 149.00
138.50 149.00
138.00 149.00
137.50 149.50
137.00 149.50
136.50 149.50
136.00 149.50
135.50 150.00
135.00 150.00
134.50 150.00
134.00 150.00
133.50 150.00
133.00 150.50
132.50 150.50
132.00 150.50
131.50 150.50
131.00 150.50
130.50 150.50
130.00 150.50
129.50 150.50
129.00 151.00
128.50 151.00
128.00 151.00
127.50 151.00
127.00 151.00
126.50 151.00
126.00 150.50
125.50 150.50
125.00 150.50
124.50 150.50
124.00 150.00
123.50 150.00
123.00 150.00
122.50 149.50
122.00 149.50
121.50 149.00
121.00 149.00
120.50 148.50
120.00 148.50
119.50 148.00
119.00 148.00
118.50 147.50
118.00 147.00
117.50 147.00
117.50 146.50
117.00 146.00
116.50 145.50
116.00 145.50
115.50 145.00
115.50 144.50
115.00 144.00
115.00 143.50
114.50 143.00
114.00 142.50
114.00 142.00
113.50 141.50
113.50 141.00
113.50 140.50
113.00 140.00
113.00 139.50
112.50 139.00
112.50 138.50
112.50 138.00
112.50 137.50
112.00 137.00
112.00 136.50
112.00 136.00
112.00 135.50
111.50 135.00
111.50 134.50
111.50 134.00
111.50 133.50
111.50 133.00
111.50 132.50
111.50 132.00
111.50 131.50
111.50 131.00
111.50 130.50
111.50 130.00
111.50 129.50
111.50 129.00
111.00 128.50
111.00 128.00
111.00 127.50
111.00 127.00
111.00 126.50
111.00 126.00
111.00 125.50
111.00 125.00
111.00 124.50
111.50 124.00
111.50 123.50
111.50 123.00
112.00 122.50
112.00 122.00
112.00 121.50
112.50 121.00
112.50 120.50
113.00 120.00
113.50 119.50
113.50 119.00
114.00 118.50
114.50 118.00
115.00 117.50
115.00 117.00
115.50 116.50
116.00 116.00
116.50 116.00
117.00 115.50
117.50 115.00
118.00 114.50
118.50 114.00
119.00 114.00
119.50 113.50
120.00 113.50
120.50 113.00
121.00 112.50
121.50 112.50
122.00 112.00
122.50 112.00
123.00 111.50
123.50 111.50
124.00 111.00
124.50 111.00
125.00 110.50
125.50 110.50
126.00 110.00
126.50 110.00
127.00 109.50
127.50 109.50
128.00 109.00
128.50 108.50
129.00 108.50
129.50 108.00
130.00 108.00
130.50 107.50
131.00 107.50
131.50 107.00
132.00 106.50
132.50 106.50
133.00 106.00
133.50 106.00
134.00 105.50
134.50 105.50
135.00 105.00
135.50 105.00
136.00 105.00
136.50 104.50
137.00 104.50
137.50 104.50
