115.50 107.00
115.50 106.50
116.00 106.00
116.50 105.50
116.50 105.00
117.00 104.50
117.50 104.00
118.00 103.50
118.00 103.00
118.50 102.50
119.00 102.00
119.50 101.50
120.00 101.00
120.50 100.50
121.00 100.00
121.50 100.00
122.00 99.50
122.50 99.00
123.00 99.00
123.50 98.50
124.00 98.50
124.50 98.00
125.00 98.00
125.50 98.00
126.00 98.00
126.50 98.00
127.00 97.50
127.50 97.50
128.00 97.50
128.50 98.00
129.00 98.00
129.50 98.00
130.00 98.00
130.50 98.00
131.00 98.00
131.50 98.00
132.00 98.00
132.50 98.00
133.00 98.50
133.50 98.50
134.00 98.50
134.50 98.50
135.00 98.50
135.50 98.50
136.00 99.00
136.50 99.00
137.00 99.00
137.50 99.00
138.00 99.00
138.50 99.50
139.00 99.50
139.50 99.50
140.00 100.00
140.50 100.00
141.00 100.00
141.50 100.50
142.00 100.50
142.50 100.50
143.00 101.00
143.50 101.50
144.00 101.50
144.50 102.00
145.00 102.00
145.50 102.50
146.00 103.00
146.50 103.50
147.00 104.00
147.50 104.50
148.00 105.00
148.00 105.50
148.50 106.00
149.00 106.50
149.00 107.00
149.50 107.50
150.00 108.00
150.00 108.50
150.50 109.00
150.50 109.50
151.00 110.00
151.00 110.50
151.00 111.00
151.50 111.50
151.50 112.00
152.00 112.50
152.00 113.00
152.00 113.50
152.50 114.00
152.50 114.50
153.00 115.00
153.00 115.50
153.00 116.00
153.00 116.50
153.50 117.00
153.50 117.50
153.50 118.00
153.50 118.50
153.50 119.00
153.50 119.50
153.50 120.00
153.50 120.50
153.50 121.00
153.50 121.50
153.50 122.00
153.00 122.50
153.00 123.00
153.00 123.50
153.00 124.00
153.00 124.50
153.00 125.00
153.00 125.50
152.50 126.00
152.50 126.50
152.50 127.00
152.50 127.50
152.50 128.00
152.00 128.50
152.00 129.00
152.00 129.50
152.00 130.00
151.50 130.50
151.00 131.00
151.00 131.50
150.50 132.00
150.00 132.50
149.50 133.00
149.00 133.50
148.50 134.00
148.00 134.50
147.50 135.00
147.00 135.50
146.50 135.50
146.00 136.00
145.50 136.50
145.00 136.50
144.50 137.00
144.00 137.50
143.50 137.50
143.00 137.50
142.50 138.00
142.00 138.00
141.50 138.50
141.00 138.50
140.50 139.00
140.00 139.00
139.50 139.00
139.00 139.50
138.50 139.50
138.00 139.50
137.50 140.00
137.00 140.00
136.50 140.00
136.00 140.00
135.50 140.50
135.00 140.50
134.50 140.50
134.00 140.50
133.50 140.50
133.00 141.00
132.50 141.00
132.00 141.00
131.50 141.00
131.00 141.00
130.50 141.00
130.00 141.00
129.50 141.00
129.00 141.00
128.50 141.00
128.00 141.00
127.50 141.00
127.00 140.50
126.50 140.50
126.00 140.50
125.50 140.00
125.00 140.00
124.50 140.00
124.00 139.50
123.50 139.50
123.00 139.00
122.50 138.50
122.00 138.00
121.50 138.00
121.00 137.50
120.50 137.50
120.00 137.00
119.50 136.50
119.00 136.00
118.50 135.50
118.00 135.00
117.50 134.50
117.00 134.50
116.50 134.00
116.00 133.50
115.50 133.00
115.00 132.50
114.50 132.00
114.00 131.50
114.00 131.00
113.50 130.50
113.00 130.00
113.00 129.50
113.00 129.00
112.50 128.50
112.50 128.00
112.50 127.50
112.50 127.00
112.50 126.50
112.50 126.00
112.00 125.50
112.00 125.00
112.00 124.50
112.00 124.00
112.00 123.50
111.50 123.00
111.50 122.50
111.50 122.00
111.50 121.50
111.50 121.00
111.00 120.50
111.00 120.00
111.00 119.50
111.00 119.00
111.00 118.50
111.00 118.00
111.00 117.50
111.00 117.00
111.00 116.50
111.00 116.00
111.00 115.50
111.50 115.00
111.50 114.50
111.50 114.00
111.50 113.50
112.00 113.00
112.00 112.50
112.50 112.00
112.50 111.50
112.50 111.00
113.00 110.50
113.50 110.00
114.00 109.50
114.00 109.00
114.00 108.50
114.50 108.00
115.00 107.50
