118.50 126.00
118.50 125.50
118.50 125.00
118.00 124.50
118.00 124.00
118.00 123.50
117.50 123.00
117.00 122.50
117.00 122.00
117.00 121.50
117.00 121.00
117.00 120.50
117.00 120.00
117.00 119.50
117.50 119.00
117.50 118.50
117.50 118.00
118.00 117.50
118.00 117.00
118.50 116.50
119.00 116.00
119.50 115.50
120.00 115.00
120.50 114.50
121.00 114.00
121.50 114.00
122.00 113.50
122.50 113.00
123.00 112.50
123.50 112.00
124.00 111.50
124.50 111.00
125.00 110.50
125.50 110.00
126.00 110.00
126.50 109.50
127.00 109.00
127.50 109.00
128.00 108.50
128.50 108.00
129.00 108.00
129.50 108.00
130.00 108.00
130.50 108.00
131.00 108.00
131.50 108.00
132.00 108.00
132.50 108.00
133.00 108.00
133.50 108.50
134.00 108.50
134.50 109.00
135.00 109.50
135.50 110.00
136.00 110.50
136.50 111.00
137.00 111.50
137.50 112.00
138.00 112.50
138.50 112.50
139.00 113.00
139.50 113.50
140.00 114.00
140.50 114.50
141.00 115.00
141.00 115.50
141.50 116.00
141.50 116.50
142.00 117.00
142.00 117.50
142.00 118.00
142.50 118.50
142.50 119.00
142.50 119.50
142.50 120.00
143.00 120.50
143.00 121.00
143.00 121.50
143.00 122.00
143.00 122.50
143.00 123.00
143.00 123.50
143.00 124.00
143.00 124.50
143.00 125.00
143.00 125.50
143.00 126.00
143.00 126.50
143.00 127.00
142.50 127.50
142.50 128.00
142.50 128.50
142.00 129.00
141.50 129.50
141.50 130.00
141.00 130.50
140.50 131.00
140.00 131.50
139.50 132.00
139.00 132.50
138.50 132.50
138.00 133.00
137.50 133.50
137.00 133.50
136.50 133.50
136.00 134.00
135.50 134.50
135.00 134.50
134.50 134.50
134.00 134.50
133.50 134.50
133.00 135.00
132.50 135.00
132.00 135.00
131.50 135.00
131.00 135.00
130.50 135.00
130.00 135.00
129.50 135.00
129.00 135.00
128.50 135.00
128.00 135.00
127.50 135.00
127.00 135.00
126.50 135.00
126.00 134.50
125.50 134.50
125.00 134.50
124.50 134.00
124.00 134.00
123.50 133.50
123.00 133.50
122.50 133.00
122.00 132.50
121.50 132.00
121.00 131.50
120.50 131.00
120.50 130.50
120.50 130.00
120.00 129.50
120.00 129.00
119.50 128.50
119.50 128.00
119.00 127.50
119.00 127.00
119.00 126.50
118.50 126.00
