129.50 138.00
129.50 137.50
129.00 137.50
128.50 137.00
128.00 137.00
127.50 137.00
127.00 137.00
126.50 137.00
126.00 136.50
125.50 136.50
125.00 136.50
124.50 136.00
124.00 135.50
123.50 135.50
123.00 135.00
122.50 135.00
122.00 134.50
121.50 134.00
121.00 133.50
120.50 133.50
120.00 133.00
119.50 132.50
119.00 132.00
118.50 131.50
118.00 131.00
117.50 130.50
117.00 130.00
116.50 129.50
116.00 129.00
115.50 128.50
115.00 128.00
114.50 127.50
114.50 127.00
114.00 126.50
114.00 126.00
114.00 125.50
114.00 125.00
113.50 124.50
113.50 124.00
113.50 123.50
113.50 123.00
113.50 122.50
113.50 122.00
113.50 121.50
113.50 121.00
113.50 120.50
113.50 120.00
113.50 119.50
113.50 119.00
113.50 118.50
113.50 118.00
113.50 117.50
113.50 117.00
113.50 116.50
113.50 116.00
114.00 115.50
114.00 115.00
114.00 114.50
114.00 114.00
114.00 113.50
114.50 113.00
114.50 112.50
114.50 112.00
115.00 111.50
115.00 111.00
115.00 110.50
115.50 110.00
116.00 109.50
116.00 109.00
116.50 108.50
116.50 108.00
116.50 107.50
117.00 107.00
117.50 106.50
117.50 106.00
118.00 105.50
118.50 105.00
118.50 104.50
119.00 104.00
119.00 103.50
119.50 103.00
120.00 102.50
120.50 102.00
121.00 102.50
121.50 102.50
122.00 102.00
122.50 101.50
123.00 101.00
123.50 101.00
124.00 100.50
124.50 100.00
125.00 100.00
125.50 99.50
126.00 99.50
126.50 99.50
127.00 99.00
127.50 99.00
128.00 98.50
128.50 98.50
129.00 98.00
129.50 98.00
130.00 98.00
130.50 98.00
131.00 98.00
131.50 98.00
132.00 98.00
132.50 98.00
133.00 98.00
133.50 98.50
134.00 98.50
134.50 98.50
135.00 99.00
135.50 99.00
136.00 99.00
136.50 99.50
137.00 99.50
137.50 100.00
138.00 100.00
138.50 100.50
139.00 100.50
139.50 101.00
140.00 101.00
140.50 101.50
141.00 101.50
141.50 102.00
142.00 102.00
142.50 102.50
143.00 103.00
143.50 103.50
144.00 103.50
144.50 104.00
145.00 104.50
145.50 105.00
146.00 105.50
146.00 106.00
146.50 106.50
147.00 107.00
147.50 107.50
147.50 108.00
148.00 108.50
148.50 109.00
148.50 109.50
149.00 110.00
149.00 110.50
149.00 111.00
149.00 111.50
149.00 112.00
149.00 112.50
149.50 113.00
149.50 113.50
149.50 114.00
149.50 114.50
149.50 115.00
149.50 115.50
149.50 116.00
149.50 116.50
149.50 117.00
149.50 117.50
149.50 118.00
149.50 118.50
149.50 119.00
149.50 119.50
149.50 120.00
149.50 120.50
149.50 121.00
149.50 121.50
149.50 122.00
149.00 122.50
149.00 123.00
149.00 123.50
149.00 124.00
148.50 124.50
148.50 125.00
148.50 125.50
148.00 126.00
148.00 126.50
147.50 127.00
147.50 127.50
147.50 128.00
147.00 128.50
147.00 129.00
146.50 129.50
146.50 130.00
146.00 130.50
146.00 131.00
146.00 131.50
145.50 132.00
145.00 132.50
145.00 133.00
144.50 133.50
144.00 134.00
143.50 134.50
143.00 135.00
142.50 135.50
142.00 136.00
141.50 136.00
141.00 136.50
140.50 136.50
140.00 137.00
139.50 137.00
139.00 137.50
138.50 137.50
138.00 137.50
137.50 138.00
137.00 138.00
136.50 138.00
136.00 138.00
135.50 138.00
135.00 138.50
134.50 138.50
134.00 138.50
133.50 138.50
133.00 138.50
132.50 138.50
132.00 138.50
131.50 138.50
131.00 138.50
130.50 138.50
130.00 138.50
