129.00 107.50
129.50 107.00
130.00 107.00
130.50 106.50
131.00 106.50
131.50 106.50
132.00 106.00
132.50 106.00
133.00 106.00
133.50 106.00
134.00 106.00
134.50 106.00
135.00 106.00
135.50 106.00
136.00 106.00
136.50 106.50
137.00 106.50
137.50 106.50
138.00 107.00
138.50 107.00
139.00 107.00
139.50 107.50
140.00 108.00
140.50 108.00
141.00 108.50
141.50 109.00
142.00 109.50
142.50 109.50
143.00 110.00
143.00 110.50
143.50 111.00
144.00 111.50
144.00 112.00
144.00 112.50
144.50 113.00
144.50 113.50
144.50 114.00
144.50 114.50
144.50 115.00
144.50 115.50
144.50 116.00
144.00 116.50
144.00 117.00
144.00 117.50
144.00 118.00
144.00 118.50
144.00 119.00
144.00 119.50
144.00 120.00
144.00 120.50
144.00 121.00
144.00 121.50
144.00 122.00
144.00 122.50
143.50 123.00
143.50 123.50
143.50 124.00
143.50 124.50
143.50 125.00
143.50 125.50
143.50 126.00
143.00 126.50
143.00 127.00
143.00 127.50
142.50 128.00
142.50 128.50
142.50 129.00
142.00 129.50
142.00 130.00
142.00 130.50
141.50 131.00
141.00 131.50
141.00 132.00
141.00 132.50
140.50 133.00
140.50 133.50
140.00 134.00
140.00 134.50
139.50 135.00
139.50 135.50
139.00 136.00
138.50 136.50
138.00 137.00
137.50 137.50
137.00 138.00
136.50 138.00
136.00 138.50
135.50 139.00
135.00 139.00
134.50 139.50
134.00 139.50
133.50 140.00
133.00 140.00
132.50 140.50
132.00 140.50
131.50 140.50
131.00 141.00
130.50 141.00
130.00 141.00
129.50 141.50
129.00 141.50
128.50 141.50
128.00 142.00
127.50 142.00
127.00 142.00
126.50 142.00
126.00 142.00
125.50 142.50
125.00 142.50
124.50 142.50
124.00 142.50
123.50 142.50
123.00 142.50
122.50 142.50
122.00 142.50
121.50 142.00
121.00 142.00
120.50 142.00
120.00 142.00
119.50 142.00
119.00 142.00
118.50 141.50
118.00 141.50
117.50 141.50
117.00 141.00
116.50 140.50
116.00 140.50
115.50 140.00
115.00 140.00
114.50 139.50
114.00 139.00
113.50 138.50
113.00 138.00
113.00 137.50
112.50 137.00
112.50 136.50
112.00 136.00
111.50 135.50
111.50 135.00
111.50 134.50
111.00 134.00
111.00 133.50
111.00 133.00
111.00 132.50
111.00 132.00
111.00 131.50
111.00 131.00
110.50 130.50
110.50 130.00
110.50 129.50
111.00 129.00
111.00 128.50
111.00 128.00
111.00 127.50
111.00 127.00
111.00 126.50
111.00 126.00
111.50 125.50
111.50 125.00
111.50 124.50
112.00 124.00
112.00 123.50
112.00 123.00
112.50 122.50
112.50 122.00
112.50 121.50
113.00 121.00
113.50 120.50
113.50 120.00
114.00 119.50
114.00 119.00
114.50 118.50
115.00 118.00
115.50 117.50
115.50 117.00
116.00 116.50
116.50 116.00
117.00 115.50
117.50 115.00
118.00 114.50
118.50 114.50
119.00 114.00
119.50 113.50
120.00 113.00
120.50 113.00
121.00 112.50
121.50 112.00
122.00 111.50
122.50 111.50
123.00 111.00
123.50 110.50
124.00 110.50
124.50 110.00
125.00 109.50
125.50 109.00
126.00 109.00
126.50 108.50
127.00 108.50
127.50 108.00
128.00 108.00
128.50 107.50
