119.00 139.50
118.50 139.50
118.00 139.00
117.50 138.50
117.00 138.50
116.50 138.00
116.00 138.00
115.50 137.50
115.00 137.00
114.50 136.50
114.00 136.00
113.50 135.50
113.00 135.00
112.50 134.50
112.50 134.00
112.50 133.50
112.00 133.00
112.00 132.50
112.00 132.00
111.50 131.50
111.50 131.00
111.50 130.50
111.50 130.00
111.50 129.50
111.50 129.00
111.50 128.50
111.50 128.00
111.50 127.50
111.50 127.00
112.00 126.50
112.00 126.00
112.00 125.50
112.00 125.00
112.50 124.50
112.50 124.00
112.50 123.50
113.00 123.00
113.00 122.50
113.50 122.00
114.00 121.50
114.50 121.00
114.50 120.50
115.00 120.00
115.50 119.50
116.00 119.00
116.50 118.50
117.00 118.00
117.50 117.50
118.00 117.00
118.50 116.50
119.00 116.00
119.50 115.50
120.00 115.00
120.50 115.00
121.00 114.50
121.50 114.50
122.00 114.00
122.50 114.00
123.00 114.00
123.50 114.00
124.00 113.50
124.50 113.50
125.00 113.50
125.50 113.50
126.00 113.50
126.50 114.00
127.00 114.00
127.50 114.00
128.00 114.00
128.50 114.00
129.00 114.00
129.50 114.00
130.00 114.00
130.50 114.00
131.00 114.00
131.50 114.00
132.00 114.00
132.50 114.00
133.00 114.50
133.50 114.50
134.00 114.50
134.50 114.50
135.00 114.50
135.50 115.00
136.00 115.50
136.50 115.50
137.00 115.50
137.50 116.00
138.00 116.50
138.50 117.00
139.00 117.50
139.00 118.00
139.50 118.50
140.00 119.00
140.50 119.50
140.50 120.00
141.00 120.50
141.50 121.00
141.50 121.50
142.00 122.00
142.00 122.50
142.50 123.00
142.50 123.50
143.00 124.00
143.00 124.50
143.00 125.00
143.00 125.50
143.00 126.00
143.50 126.50
143.50 127.00
143.50 127.50
143.50 128.00
143.50 128.50
143.00 129.00
143.00 129.50
143.00 130.00
143.00 130.50
143.00 131.00
142.50 131.50
142.00 132.00
142.00 132.50
141.50 133.00
141.00 133.50
140.50 134.00
140.00 134.50
139.50 135.00
139.00 135.50
138.50 136.00
138.00 136.50
137.50 137.00
137.50 137.50
137.00 138.00
136.50 138.50
136.00 139.00
135.50 139.50
135.00 140.00
134.50 140.50
134.00 140.50
133.50 141.00
133.00 141.00
132.50 141.00
132.00 141.50
131.50 141.50
131.00 141.50
130.50 142.00
130.00 142.00
129.50 142.00
129.00 142.00
128.50 142.00
128.00 142.00
127.50 142.00
127.00 142.00
126.50 142.00
126.00 142.00
125.50 142.00
125.00 142.00
124.50 142.00
124.00 142.00
123.50 142.00
123.00 141.50
122.50 141.50
122.00 141.50
121.50 141.00
121.00 140.50
120.50 140.50
120.00 140.00
119.50 140.00
