150.50 139.50
150.00 139.50
150.00 140.00
150.00 140.50
149.50 141.00
149.50 141.50
149.00 142.00
148.50 142.50
148.00 143.00
147.50 143.50
147.00 144.00
146.50 144.50
146.00 144.50
145.50 145.00
145.00 145.00
144.50 145.50
144.00 145.50
143.50 146.00
143.00 146.00
142.50 146.50
142.00 146.50
141.50 146.50
141.00 147.00
140.50 147.00
140.00 147.00
139.50 147.50
139.00 147.50
138.50 147.50
138.00 148.00
137.50 148.00
137.00 148.00
136.50 148.50
136.00 148.50
135.50 148.50
135.00 148.50
134.50 148.50
134.00 149.00
133.50 149.00
133.00 149.00
132.50 149.00
132.00 149.00
131.50 149.00
131.00 149.00
130.50 149.00
130.00 149.00
129.50 149.00
129.00 148.50
128.50 148.50
128.00 148.50
127.50 148.50
127.00 148.50
126.50 148.00
126.00 148.00
125.50 147.50
125.00 147.50
124.50 147.50
124.00 147.00
123.50 146.50
123.00 146.50
122.50 146.00
122.00 145.50
121.50 145.50
121.00 145.00
120.50 144.50
120.00 144.50
119.50 144.00
119.00 143.50
118.50 143.00
118.00 142.50
117.50 142.00
117.00 141.50
116.50 141.00
116.00 140.50
115.50 140.00
115.00 139.50
115.00 139.00
114.50 138.50
114.00 138.00
114.00 137.50
114.00 137.00
113.50 136.50
113.50 136.00
113.50 135.50
113.50 135.00
113.50 134.50
113.00 134.00
113.00 133.50
113.00 133.00
113.00 132.50
113.00 132.00
113.00 131.50
113.00 131.00
113.00 130.50
113.00 130.00
113.00 129.50
113.00 129.00
112.50 128.50
112.50 128.00
112.50 127.50
112.50 127.00
112.50 126.50
112.50 126.00
112.50 125.50
112.50 125.00
112.50 124.50
112.50 124.00
112.50 123.50
112.50 123.00
112.50 122.50
112.50 122.00
113.00 121.50
113.00 121.00
113.00 120.50
113.00 120.00
113.50 119.50
113.50 119.00
113.50 118.50
113.50 118.00
113.50 117.50
114.00 117.00
114.00 116.50
114.00 116.00
114.00 115.50
114.50 115.00
114.50 114.50
114.50 114.00
115.00 113.50
115.00 113.00
115.00 112.50
115.50 112.00
115.50 111.50
116.00 111.00
116.00 110.50
116.00 110.00
116.50 109.50
116.50 109.00
117.00 108.50
117.00 108.00
117.50 107.50
117.50 107.00
118.00 106.50
118.00 106.00
118.50 105.50
119.00 105.00
119.50 104.50
120.00 104.00
120.50 103.50
121.00 103.50
121.50 103.00
122.00 102.50
122.50 102.50
123.00 102.00
123.50 102.00
124.00 102.00
124.50 101.50
125.00 101.00
125.50 101.00
126.00 101.00
126.50 100.50
127.00 100.50
127.50 100.00
128.00 100.00
128.50 100.00
129.00 99.50
129.50 99.50
130.00 99.00
130.50 99.00
131.00 99.00
131.50 98.50
132.00 98.50
132.50 98.50
133.00 98.50
133.50 98.50
134.00 98.00
134.50 98.00
135.00 98.00
135.50 98.00
136.00 98.00
136.50 98.50
137.00 98.50
137.50 98.50
138.00 98.50
138.50 99.00
139.00 99.00
139.50 99.50
140.00 99.50
140.50 100.00
141.00 100.00
141.50 100.50
142.00 101.00
142.50 101.00
143.00 101.50
143.50 102.00
144.00 102.50
144.50 102.50
145.00 103.00
145.50 103.50
146.00 104.00
146.50 104.00
147.00 104.50
147.50 105.00
148.00 105.50
148.50 106.00
149.00 106.50
149.50 107.00
150.00 107.50
150.00 108.00
150.00 108.50
150.50 109.00
150.50 109.50
151.00 110.00
151.00 110.50
151.50 111.00
151.50 111.50
151.50 112.00
152.00 112.50
152.00 113.00
152.00 113.50
152.50 114.00
152.50 114.50
152.50 115.00
153.00 115.50
153.00 116.00
153.00 116.50
153.50 117.00
153.50 117.50
153.50 118.00
154.00 118.50
154.00 119.00
154.50 119.50
154.50 120.00
154.50 120.50
155.00 121.00
155.00 121.50
155.50 122.00
155.50 122.50
155.50 123.00
156.00 123.50
156.00 124.00
156.00 124.50
156.00 125.00
156.00 125.50
156.00 126.00
156.00 126.50
156.00 127.00
156.00 127.50
156.00 128.00
156.00 128.50
155.50 129.00
155.00 129.50
155.00 130.00
155.00 130.50
154.50 131.00
154.50 131.50
154.00 132.00
154.00 132.50
154.00 133.00
153.50 133.50
153.50 134.00
153.00 134.50
153.00 135.00
152.50 135.50
152.50 136.00
152.00 136.50
152.00 137.00
151.50 137.50
151.50 138.00
151.50 138.50
151.00 139.00
