121.50 108.00
122.00 107.50
122.50 107.00
123.00 106.50
123.50 106.00
124.00 105.50
124.50 105.00
125.00 105.00
125.50 104.50
126.00 104.50
126.50 104.00
127.00 104.00
127.50 103.50
128.00 103.50
128.50 103.50
129.00 103.50
129.50 103.50
130.00 103.00
130.50 103.00
131.00 103.00
131.50 103.00
132.00 103.00
132.50 103.00
133.00 103.00
133.50 103.00
134.00 103.00
134.50 103.00
135.00 103.00
135.50 103.00
136.00 103.00
136.50 103.00
137.00 103.00
137.50 103.50
138.00 103.50
138.50 103.50
139.00 103.50
139.50 104.00
140.00 104.50
140.50 104.50
141.00 105.00
141.50 105.50
142.00 106.00
142.50 106.00
143.00 106.50
143.50 107.00
144.00 107.00
144.50 107.50
145.00 108.00
145.50 108.50
146.00 108.50
146.50 109.00
147.00 109.50
147.50 110.00
147.50 110.50
148.00 111.00
148.00 111.50
148.50 112.00
148.50 112.50
148.50 113.00
149.00 113.50
149.00 114.00
149.00 114.50
149.50 115.00
150.00 115.50
150.00 116.00
150.00 116.50
150.50 117.00
151.00 117.50
151.50 118.00
151.50 118.50
152.00 119.00
152.50 119.50
152.50 120.00
152.50 120.50
153.00 121.00
153.00 121.50
153.50 122.00
153.50 122.50
154.00 123.00
154.00 123.50
154.00 124.00
154.00 124.50
154.00 125.00
154.00 125.50
154.50 126.00
154.50 126.50
154.00 127.00
154.00 127.50
154.00 128.00
154.00 128.50
153.50 129.00
153.50 129.50
153.50 130.00
153.00 130.50
152.50 131.00
152.50 131.50
152.50 132.00
152.00 132.50
152.00 133.00
152.00 133.50
152.00 134.00
152.00 134.50
151.50 135.00
151.50 135.50
151.50 136.00
151.50 136.50
151.50 137.00
151.50 137.50
151.00 138.00
151.00 138.50
151.00 139.00
151.00 139.50
150.50 140.00
150.50 140.50
150.00 141.00
150.00 141.50
149.50 142.00
149.50 142.50
149.00 143.00
148.50 143.50
148.00 144.00
147.50 144.50
147.00 145.00
146.50 145.00
146.00 145.50
145.50 146.00
145.00 146.50
144.50 146.50
144.00 147.00
143.50 147.00
143.00 147.00
142.50 147.50
142.00 147.50
141.50 148.00
141.00 148.00
140.50 148.50
140.00 148.50
139.50 149.00
139.00 149.00
138.50 149.00
138.00 149.50
137.50 149.50
137.00 149.50
136.50 150.00
136.00 150.00
135.50 150.00
135.00 150.50
134.50 150.50
134.00 150.50
133.50 150.50
133.00 150.50
132.50 151.00
132.00 151.00
131.50 151.00
131.00 151.00
130.50 151.00
130.00 151.50
129.50 151.50
129.00 151.50
128.50 151.50
128.00 151.50
127.50 151.50
127.00 151.50
126.50 151.50
126.00 151.50
125.50 151.50
125.00 151.50
124.50 151.50
124.00 151.50
123.50 151.50
123.00 151.50
122.50 151.00
122.00 151.00
121.50 151.00
121.00 151.00
120.50 150.50
120.00 150.50
119.50 150.50
119.00 150.00
118.50 150.00
118.00 149.50
117.50 149.50
117.00 149.00
116.50 148.50
116.00 148.00
115.50 147.50
115.00 147.00
115.00 146.50
114.50 146.00
114.00 145.50
114.00 145.00
113.50 144.50
113.50 144.00
113.00 143.50
112.50 143.00
112.50 142.50
112.00 142.00
111.50 141.50
111.50 141.00
111.50 140.50
111.00 140.00
111.00 139.50
110.50 139.00
110.50 138.50
110.00 138.00
110.00 137.50
109.50 137.00
109.50 136.50
109.50 136.00
109.50 135.50
109.50 135.00
109.50 134.50
109.00 134.00
109.00 133.50
109.00 133.00
109.00 132.50
109.00 132.00
109.00 131.50
109.00 131.00
109.00 130.50
109.00 130.00
109.00 129.50
109.00 129.00
109.00 128.50
109.00 128.00
109.50 127.50
109.50 127.00
109.50 126.50
109.50 126.00
110.00 125.50
110.00 125.00
110.00 124.50
110.00 124.00
110.50 123.50
110.50 123.00
110.50 122.50
111.00 122.00
111.50 121.50
111.50 121.00
111.50 120.50
112.00 120.00
112.00 119.50
112.50 119.00
113.00 118.50
113.50 118.00
114.00 117.50
114.50 117.00
114.50 116.50
115.00 116.00
115.50 115.50
116.00 115.00
116.50 114.50
116.50 114.00
117.00 113.50
117.50 113.00
117.50 112.50
118.00 112.00
118.50 111.50
119.00 111.00
119.50 110.50
120.00 110.00
120.50 109.50
121.00 109.00
121.50 108.50
121.50 108.00
