123.00 101.50
123.50 101.50
124.00 101.00
124.50 101.00
125.00 100.50
125.50 100.50
126.00 100.00
126.50 100.00
127.00 99.50
127.50 99.50
128.00 99.00
128.50 99.00
129.00 99.00
129.50 98.50
130.00 98.50
130.50 98.50
131.00 98.50
131.50 98.50
132.00 98.50
132.50 98.50
133.00 98.50
133.50 98.50
134.00 98.50
134.50 98.50
135.00 98.50
135.50 98.50
136.00 99.00
136.50 99.00
137.00 99.00
137.50 99.50
138.00 99.50
138.50 100.00
139.00 100.00
139.50 100.50
140.00 100.50
140.50 101.00
141.00 101.50
141.50 101.50
142.00 102.00
142.50 102.50
143.00 103.00
143.50 103.50
143.50 104.00
144.00 104.50
144.50 105.00
144.50 105.50
145.00 106.00
145.00 106.50
145.50 107.00
145.50 107.50
146.00 108.00
146.00 108.50
146.00 109.00
146.50 109.50
147.00 110.00
147.00 110.50
147.50 111.00
148.00 111.50
148.00 112.00
148.00 112.50
148.50 113.00
148.50 113.50
149.00 114.00
149.00 114.50
149.50 115.00
149.50 115.50
149.50 116.00
149.50 116.50
150.00 117.00
150.00 117.50
150.00 118.00
150.00 118.50
150.00 119.00
150.00 119.50
150.00 120.00
150.00 120.50
150.00 121.00
150.00 121.50
150.00 122.00
150.00 122.50
150.00 123.00
150.00 123.50
149.50 124.00
149.50 124.50
149.50 125.00
149.50 125.50
149.00 126.00
149.00 126.50
149.00 127.00
149.00 127.50
148.50 128.00
148.50 128.50
148.00 129.00
148.00 129.50
147.50 130.00
147.50 130.50
147.00 131.00
147.00 131.50
146.50 132.00
146.50 132.50
146.00 133.00
145.50 133.50
145.00 134.00
144.50 134.50
144.00 135.00
144.00 135.50
143.50 136.00
143.00 136.50
142.50 137.00
142.00 137.50
141.50 138.00
141.00 138.50
140.50 139.00
140.00 139.50
139.50 140.00
139.00 140.50
138.50 141.00
138.00 141.00
137.50 141.50
137.00 142.00
136.50 142.50
136.00 142.50
135.50 143.00
135.00 143.00
134.50 143.00
134.00 143.50
133.50 143.50
133.00 143.50
132.50 143.50
132.00 143.50
131.50 143.50
131.00 143.50
130.50 143.50
130.00 143.50
129.50 143.50
129.00 143.50
128.50 143.00
128.00 143.00
127.50 143.00
127.00 142.50
126.50 142.50
126.00 142.00
125.50 142.00
125.00 142.00
124.50 141.50
124.00 141.50
123.50 141.00
123.00 141.00
122.50 140.50
122.00 140.50
121.50 140.50
121.00 140.00
120.50 140.00
120.00 139.50
119.50 139.50
119.00 139.00
118.50 138.50
118.00 138.50
117.50 138.00
117.00 137.50
116.50 137.00
116.00 136.50
115.50 136.00
115.00 135.50
114.50 135.00
114.50 134.50
114.50 134.00
114.00 133.50
114.00 133.00
114.00 132.50
114.00 132.00
114.00 131.50
113.50 131.00
113.50 130.50
113.50 130.00
113.50 129.50
113.50 129.00
113.50 128.50
113.50 128.00
113.00 127.50
113.00 127.00
113.00 126.50
113.00 126.00
113.00 125.50
113.00 125.00
113.00 124.50
113.00 124.00
113.00 123.50
113.00 123.00
113.00 122.50
113.50 122.00
113.50 121.50
113.50 121.00
113.50 120.50
113.50 120.00
113.50 119.50
113.50 119.00
113.50 118.50
113.50 118.00
113.50 117.50
114.00 117.00
114.00 116.50
114.00 116.00
114.00 115.50
114.00 115.00
114.00 114.50
114.00 114.00
114.00 113.50
114.50 113.00
114.50 112.50
115.00 112.00
115.00 111.50
115.00 111.00
115.00 110.50
115.50 110.00
116.00 109.50
116.00 109.00
116.50 108.50
116.50 108.00
117.00 107.50
117.50 107.00
117.50 106.50
118.00 106.00
118.50 105.50
119.00 105.00
119.50 104.50
120.00 104.00
120.50 103.50
121.00 103.00
121.50 103.00
122.00 102.50
122.50 102.00
