131.00 136.50
130.50 136.50
130.00 136.50
129.50 136.50
129.00 136.50
128.50 136.50
128.00 136.50
127.50 136.50
127.00 136.50
126.50 136.00
126.00 135.50
125.50 135.00
125.00 134.50
125.00 134.00
124.50 133.50
124.00 133.00
123.50 132.50
123.00 132.00
123.00 131.50
122.50 131.00
122.50 130.50
122.00 130.00
121.50 129.50
121.50 129.00
121.50 128.50
121.50 128.00
121.00 127.50
121.00 127.00
121.00 126.50
121.00 126.00
121.00 125.50
121.00 125.00
121.50 124.50
121.50 124.00
121.50 123.50
121.50 123.00
121.50 122.50
121.50 122.00
121.50 121.50
121.50 121.00
121.50 120.50
121.50 120.00
121.50 119.50
122.00 119.00
122.50 118.50
122.50 118.00
122.50 117.50
123.00 117.00
123.50 116.50
124.00 116.00
124.50 115.50
125.00 115.50
125.50 115.00
126.00 115.00
126.50 114.50
127.00 114.50
127.50 114.50
128.00 114.50
128.50 114.00
129.00 113.50
129.50 113.50
130.00 113.50
130.50 113.50
131.00 113.50
131.50 113.50
132.00 113.50
132.50 113.50
133.00 113.50
133.50 114.00
134.00 114.00
134.50 114.50
135.00 114.50
135.50 114.50
136.00 115.00
136.50 115.50
137.00 116.00
137.50 116.00
138.00 116.50
138.00 117.00
138.00 117.50
138.50 118.00
138.50 118.50
139.00 119.00
139.00 119.50
139.00 120.00
139.00 120.50
139.00 121.00
139.00 121.50
138.50 122.00
138.50 122.50
138.50 123.00
138.50 123.50
138.50 124.00
138.50 124.50
138.50 125.00
138.50 125.50
138.50 126.00
138.50 126.50
138.00 127.00
138.00 127.50
138.00 128.00
138.00 128.50
137.50 129.00
137.50 129.50
137.00 130.00
136.50 130.50
136.50 131.00
136.00 131.50
135.50 132.00
135.00 132.50
134.50 133.00
134.00 133.50
133.50 134.00
133.00 134.50
132.50 135.00
132.00 135.00
131.50 135.50
131.50 136.00
