107.50 115.50
107.50 115.00
107.50 114.50
108.00 114.00
108.00 113.50
108.00 113.00
108.50 112.50
108.50 112.00
108.50 111.50
108.50 111.00
109.00 110.50
109.00 110.00
109.00 109.50
109.50 109.00
109.50 108.50
110.00 108.00
110.00 107.50
110.00 107.00
110.50 106.50
110.50 106.00
111.00 105.50
111.00 105.00
111.00 104.50
111.50 104.00
111.50 103.50
112.00 103.00
112.00 102.50
112.50 102.00
113.00 101.50
113.50 101.00
113.50 100.50
114.00 100.00
114.00 99.50
114.50 99.00
115.00 98.50
115.50 98.00
116.00 97.50
116.50 97.00
117.00 96.50
117.50 96.00
118.00 95.50
118.50 95.00
119.00 95.00
119.50 94.50
120.00 94.00
120.50 93.50
121.00 93.50
121.50 93.50
122.00 93.00
122.50 92.50
123.00 92.50
123.50 92.50
124.00 92.00
124.50 92.00
125.00 92.00
125.50 92.00
126.00 92.00
126.50 91.50
127.00 91.50
127.50 91.50
128.00 91.50
128.50 91.50
129.00 91.50
129.50 91.50
130.00 91.50
130.50 91.50
131.00 91.50
131.50 91.50
132.00 91.50
132.50 91.50
133.00 91.50
133.50 91.50
134.00 91.50
134.50 91.50
135.00 91.50
135.50 91.50
136.00 92.00
136.50 92.00
137.00 92.00
137.50 92.00
138.00 92.00
138.50 92.50
139.00 92.50
139.50 92.50
140.00 93.00
140.50 93.00
141.00 93.50
141.50 93.50
142.00 94.00
142.50 94.50
143.00 95.00
143.50 95.00
144.00 95.50
144.50 96.00
145.00 96.50
145.50 97.00
145.50 97.50
146.00 98.00
146.50 98.50
146.50 99.00
147.00 99.50
147.00 100.00
147.50 100.50
148.00 101.00
148.00 101.50
148.50 102.00
148.50 102.50
149.00 103.00
149.00 103.50
149.00 104.00
149.50 104.50
149.50 105.00
150.00 105.50
150.00 106.00
150.00 106.50
150.50 107.00
150.50 107.50
150.50 108.00
151.00 108.50
151.00 109.00
151.00 109.50
151.00 110.00
151.50 110.50
151.50 111.00
151.50 111.50
151.50 112.00
151.50 112.50
151.50 113.00
151.50 113.50
152.00 114.00
152.00 114.50
152.00 115.00
152.00 115.50
152.00 116.00
152.00 116.50
152.00 117.00
152.00 117.50
152.00 118.00
152.00 118.50
152.00 119.00
152.00 119.50
152.00 120.00
152.00 120.50
152.00 121.00
152.00 121.50
152.00 122.00
152.00 122.50
151.50 123.00
151.50 123.50
151.50 124.00
151.50 124.50
151.50 125.00
151.50 125.50
151.00 126.00
151.00 126.50
151.00 127.00
151.00 127.50
150.50 128.00
150.50 128.50
150.50 129.00
150.00 129.50
150.00 130.00
150.00 130.50
149.50 131.00
149.50 131.50
149.00 132.00
149.00 132.50
148.50 133.00
148.50 133.50
148.50 134.00
148.00 134.50
147.50 135.00
147.50 135.50
147.00 136.00
147.00 136.50
146.50 137.00
146.00 137.50
145.50 138.00
145.50 138.50
145.00 139.00
144.50 139.50
144.00 140.00
143.50 140.50
143.00 141.00
142.50 141.50
142.00 141.50
141.50 142.00
141.00 142.50
140.50 143.00
140.00 143.00
139.50 143.50
139.00 144.00
138.50 144.00
138.00 144.00
137.50 144.50
137.00 144.50
136.50 144.50
136.00 145.00
135.50 145.00
135.00 145.00
134.50 145.00
134.00 145.00
133.50 145.50
133.00 145.50
132.50 145.50
132.00 145.50
131.50 145.50
131.00 145.50
130.50 145.50
130.00 145.50
129.50 145.50
129.00 145.50
128.50 145.50
128.00 145.50
127.50 145.50
127.00 145.50
126.50 145.50
126.00 145.50
125.50 145.50
125.00 145.50
124.50 145.50
124.00 145.50
123.50 145.50
123.00 145.50
122.50 145.50
122.00 145.50
121.50 145.50
121.00 145.50
120.50 145.50
120.00 145.50
119.50 145.50
119.00 145.50
118.50 145.50
118.00 145.50
117.50 145.50
117.00 145.50
116.50 145.00
116.00 145.00
115.50 145.00
115.00 145.00
114.50 144.50
114.00 144.50
113.50 144.50
113.00 144.00
112.50 143.50
112.00 143.50
111.50 143.00
111.00 142.50
110.50 142.00
110.00 141.50
110.00 141.00
109.50 140.50
109.00 140.00
108.50 139.50
108.50 139.00
108.50 138.50
108.00 138.00
108.00 137.50
107.50 137.00
107.50 136.50
107.00 136.00
107.00 135.50
107.00 135.00
106.50 134.50
106.50 134.00
106.50 133.50
106.00 133.00
106.00 132.50
106.00 132.00
106.00 131.50
106.00 131.00
106.00 130.50
105.50 130.00
105.50 129.50
105.50 129.00
105.50 128.50
105.50 128.00
105.50 127.50
105.50 127.00
105.50 126.50
105.50 126.00
105.50 125.50
105.50 125.00
105.50 124.50
105.50 124.00
106.00 123.50
106.00 123.00
106.00 122.50
106.00 122.00
106.00 121.50
106.00 121.00
106.50 120.50
106.50 120.00
106.50 119.50
106.50 119.00
107.00 118.50
107.00 118.00
107.00 117.50
107.00 117.00
107.00 116.50
107.50 116.00
