117.00 117.00
117.50 116.50
118.00 116.00
118.50 115.50
119.00 115.00
119.50 114.50
119.50 114.00
120.00 113.50
120.00 113.00
120.00 112.50
120.00 112.00
120.00 111.50
120.00 111.00
120.00 110.50
120.00 110.00
120.00 109.50
120.00 109.00
120.50 108.50
121.00 108.00
121.50 108.00
122.00 108.50
122.50 108.50
123.00 109.00
123.50 109.50
124.00 109.50
124.50 110.00
125.00 110.50
125.50 111.00
125.50 111.50
126.00 112.00
126.00 112.50
126.00 113.00
126.50 113.50
126.50 114.00
126.50 114.50
126.50 115.00
127.00 115.50
127.00 116.00
127.00 116.50
127.00 117.00
127.00 117.50
127.00 118.00
127.00 118.50
127.00 119.00
127.00 119.50
126.50 120.00
126.50 120.50
126.50 121.00
126.00 121.50
125.50 122.00
125.00 122.00
124.50 122.50
124.00 122.50
123.50 122.50
123.00 122.00
122.50 122.00
122.00 121.50
121.50 121.50
121.00 121.50
120.50 121.00
120.00 120.50
119.50 120.00
119.00 119.50
118.50 119.00
118.00 118.50
117.50 118.00
117.50 117.50
