108.00 106.00
108.00 105.50
108.00 105.00
108.50 104.50
108.50 104.00
108.50 103.50
109.00 103.00
109.00 102.50
109.50 102.00
109.50 101.50
110.00 101.00
110.00 100.50
110.50 100.00
110.50 99.50
111.00 99.00
111.50 98.50
112.00 98.00
112.00 97.50
112.50 97.00
113.00 96.50
113.50 96.00
114.00 95.50
114.50 95.00
115.00 94.50
115.50 94.00
116.00 93.50
116.50 93.50
117.00 93.00
117.50 92.50
118.00 92.50
118.50 92.00
119.00 92.00
119.50 91.50
120.00 91.50
120.50 91.00
121.00 91.00
121.50 91.00
122.00 90.50
122.50 90.50
123.00 90.50
123.50 90.50
124.00 90.00
124.50 90.00
125.00 90.00
125.50 90.00
126.00 90.00
126.50 90.00
127.00 90.00
127.50 90.00
128.00 90.00
128.50 90.00
129.00 90.00
129.50 90.00
130.00 90.50
130.50 90.50
131.00 90.50
131.50 90.50
132.00 91.00
132.50 91.00
133.00 91.50
133.50 91.50
134.00 92.00
134.50 92.00
135.00 92.00
135.50 92.50
136.00 92.50
136.50 93.00
137.00 93.50
137.50 94.00
138.00 94.00
138.50 94.50
139.00 95.00
139.50 95.50
140.00 95.50
140.50 96.00
141.00 96.50
141.50 97.00
142.00 97.50
142.50 98.00
143.00 98.50
143.50 99.00
144.00 99.50
144.50 100.00
145.00 100.50
145.50 101.00
145.50 101.50
146.00 102.00
146.50 102.50
147.00 103.00
147.00 103.50
147.50 104.00
148.00 104.50
148.00 105.00
148.50 105.50
148.50 106.00
149.00 106.50
149.00 107.00
149.50 107.50
150.00 108.00
150.00 108.50
150.00 109.00
150.50 109.50
150.50 110.00
150.50 110.50
151.00 111.00
151.00 111.50
151.00 112.00
151.50 112.50
151.50 113.00
151.50 113.50
151.50 114.00
151.50 114.50
152.00 115.00
152.00 115.50
152.00 116.00
152.00 116.50
152.00 117.00
152.00 117.50
152.00 118.00
152.00 118.50
152.00 119.00
152.00 119.50
152.00 120.00
152.00 120.50
152.00 121.00
152.00 121.50
152.00 122.00
152.00 122.50
152.00 123.00
152.00 123.50
151.50 124.00
151.50 124.50
151.50 125.00
151.50 125.50
151.00 126.00
151.00 126.50
151.00 127.00
150.50 127.50
150.50 128.00
150.50 128.50
150.00 129.00
150.00 129.50
149.50 130.00
149.50 130.50
149.00 131.00
149.00 131.50
148.50 132.00
148.00 132.50
147.50 133.00
147.50 133.50
147.00 134.00
146.50 134.50
146.00 135.00
145.50 135.50
145.00 136.00
144.50 136.50
144.00 136.50
143.50 137.00
143.00 137.50
142.50 138.00
142.00 138.00
141.50 138.50
141.00 138.50
140.50 138.50
140.00 139.00
139.50 139.00
139.00 139.50
138.50 139.50
138.00 139.50
137.50 140.00
137.00 140.00
136.50 140.00
136.00 140.00
135.50 140.00
135.00 140.00
134.50 140.00
134.00 140.00
133.50 140.00
133.00 140.00
132.50 140.00
132.00 140.00
131.50 140.00
131.00 140.00
130.50 140.00
130.00 140.00
129.50 140.00
129.00 140.00
128.50 140.00
128.00 140.00
127.50 139.50
127.00 139.50
126.50 139.50
126.00 139.50
125.50 139.50
125.00 139.50
124.50 140.00
124.00 140.00
123.50 140.00
123.00 140.00
122.50 140.00
122.00 140.00
121.50 140.50
121.00 140.50
120.50 140.50
120.00 141.00
119.50 141.00
119.00 141.00
118.50 141.00
118.00 141.00
117.50 141.00
117.00 141.00
116.50 140.50
116.00 140.50
115.50 140.50
115.00 140.50
114.50 140.00
114.00 139.50
113.50 139.50
113.00 139.00
113.00 138.50
112.50 138.00
112.00 137.50
111.50 137.00
111.00 136.50
111.00 136.00
110.50 135.50
110.00 135.00
110.00 134.50
110.00 134.00
109.50 133.50
109.50 133.00
109.50 132.50
109.50 132.00
109.00 131.50
109.00 131.00
109.00 130.50
109.00 130.00
109.00 129.50
109.00 129.00
109.00 128.50
108.50 128.00
108.50 127.50
108.50 127.00
108.50 126.50
108.50 126.00
108.50 125.50
108.50 125.00
108.50 124.50
108.50 124.00
108.50 123.50
108.50 123.00
108.50 122.50
108.00 122.00
108.00 121.50
108.00 121.00
108.00 120.50
108.00 120.00
108.00 119.50
107.50 119.00
107.50 118.50
107.50 118.00
107.50 117.50
107.50 117.00
107.50 116.50
107.50 116.00
107.50 115.50
107.50 115.00
107.50 114.50
107.50 114.00
107.50 113.50
107.00 113.00
107.00 112.50
107.00 112.00
107.50 111.50
107.50 111.00
107.50 110.50
107.50 110.00
107.50 109.50
107.50 109.00
107.50 108.50
107.50 108.00
107.50 107.50
108.00 107.00
108.00 106.50
