106.50 118.50
106.50 118.00
106.50 117.50
106.50 117.00
106.50 116.50
106.50 116.00
106.50 115.50
106.50 115.00
106.50 114.50
106.50 114.00
106.00 113.50
106.00 113.00
106.00 112.50
106.00 112.00
106.00 111.50
106.00 111.00
106.50 110.50
106.50 110.00
106.50 109.50
106.50 109.00
106.50 108.50
106.50 108.00
106.50 107.50
106.50 107.00
107.00 106.50
107.00 106.00
107.00 105.50
107.50 105.00
108.00 104.50
108.00 104.00
108.00 103.50
108.50 103.00
109.00 102.50
109.50 102.00
109.50 101.50
110.00 101.00
110.50 100.50
111.00 100.50
111.50 100.00
111.50 99.50
112.00 99.00
112.50 98.50
113.00 98.50
113.50 98.00
114.00 97.50
114.50 97.50
115.00 97.00
115.50 96.50
116.00 96.00
116.50 95.50
117.00 95.50
117.50 95.00
118.00 95.00
118.50 94.50
119.00 94.50
119.50 94.00
120.00 94.00
120.50 93.50
121.00 93.50
121.50 93.00
122.00 93.00
122.50 92.50
123.00 92.50
123.50 92.50
124.00 92.50
124.50 92.00
125.00 92.00
125.50 92.00
126.00 92.00
126.50 92.00
127.00 92.00
127.50 92.00
128.00 92.00
128.50 92.00
129.00 92.50
129.50 92.50
130.00 92.50
130.50 92.50
131.00 93.00
131.50 93.00
132.00 93.50
132.50 93.50
133.00 94.00
133.50 94.50
134.00 94.50
134.50 95.00
135.00 95.50
135.50 96.00
136.00 96.50
136.50 97.00
137.00 97.50
137.50 98.00
138.00 98.50
138.00 99.00
138.50 99.50
138.50 100.00
139.00 100.50
139.50 101.00
139.50 101.50
139.50 102.00
140.00 102.50
140.00 103.00
140.50 103.50
141.00 104.00
141.00 104.50
141.00 105.00
141.50 105.50
142.00 106.00
142.00 106.50
142.50 107.00
142.50 107.50
143.00 108.00
143.00 108.50
143.50 109.00
143.50 109.50
144.00 110.00
144.00 110.50
144.50 111.00
144.50 111.50
145.00 112.00
145.00 112.50
145.00 113.00
145.50 113.50
145.50 114.00
146.00 114.50
146.00 115.00
146.00 115.50
146.50 116.00
146.50 116.50
146.50 117.00
146.50 117.50
147.00 118.00
147.00 118.50
147.00 119.00
147.00 119.50
147.00 120.00
147.00 120.50
147.50 121.00
147.50 121.50
147.50 122.00
147.50 122.50
147.50 123.00
147.50 123.50
147.50 124.00
147.00 124.50
147.00 125.00
147.00 125.50
147.00 126.00
147.00 126.50
146.50 127.00
146.50 127.50
146.50 128.00
146.00 128.50
145.50 129.00
145.50 129.50
145.00 130.00
144.50 130.50
144.00 131.00
143.50 131.50
143.00 132.00
142.50 132.50
142.00 132.50
141.50 133.00
141.00 133.00
140.50 133.50
140.00 133.50
139.50 134.00
139.00 134.00
138.50 134.50
138.00 134.50
137.50 134.50
137.00 135.00
136.50 135.00
136.00 135.00
135.50 135.00
135.00 135.50
134.50 135.50
134.00 135.50
133.50 135.50
133.00 136.00
132.50 136.00
132.00 136.00
131.50 136.00
131.00 136.00
130.50 136.00
130.00 136.00
129.50 136.00
129.00 136.00
128.50 136.00
128.00 136.00
127.50 136.00
127.00 136.00
126.50 136.00
126.00 136.00
125.50 136.00
125.00 136.00
124.50 136.00
124.00 136.00
123.50 136.00
123.00 136.00
122.50 135.50
122.00 135.50
121.50 135.50
121.00 135.50
120.50 135.50
120.00 135.50
119.50 135.50
119.00 135.50
118.50 135.50
118.00 135.50
117.50 135.50
117.00 135.50
116.50 135.50
116.00 135.50
115.50 135.50
115.00 135.50
114.50 135.50
114.00 135.00
113.50 135.00
113.00 135.00
112.50 135.00
112.00 134.50
111.50 134.50
111.00 134.50
110.50 134.00
110.00 133.50
109.50 133.00
109.00 132.50
109.00 132.00
108.50 131.50
108.50 131.00
108.50 130.50
108.00 130.00
108.00 129.50
107.50 129.00
107.50 128.50
107.50 128.00
107.50 127.50
107.50 127.00
107.00 126.50
107.00 126.00
107.00 125.50
107.00 125.00
107.00 124.50
107.00 124.00
107.00 123.50
107.00 123.00
106.50 122.50
106.50 122.00
106.50 121.50
106.50 121.00
106.50 120.50
106.50 120.00
106.50 119.50
106.50 119.00
