111.00 121.00
110.50 120.50
110.00 120.00
109.50 119.50
109.00 119.00
109.00 118.50
108.50 118.00
108.00 117.50
108.00 117.00
107.50 116.50
107.50 116.00
107.50 115.50
107.00 115.00
107.00 114.50
107.00 114.00
107.00 113.50
107.00 113.00
107.00 112.50
107.00 112.00
107.00 111.50
107.00 111.00
107.00 110.50
107.00 110.00
107.00 109.50
107.00 109.00
107.00 108.50
107.00 108.00
107.00 107.50
107.00 107.00
107.00 106.50
107.00 106.00
107.50 105.50
107.50 105.00
108.00 104.50
108.50 104.00
108.50 103.50
109.00 103.00
109.00 102.50
109.50 102.00
109.50 101.50
109.50 101.00
110.00 100.50
110.50 100.00
110.50 99.50
110.50 99.00
111.00 98.50
111.50 98.00
112.00 97.50
112.50 97.00
113.00 96.50
113.50 96.00
114.00 95.50
114.50 95.00
115.00 94.50
115.50 94.50
116.00 94.00
116.50 94.00
117.00 93.50
117.50 93.50
118.00 93.50
118.50 93.50
119.00 93.00
119.50 93.00
120.00 93.00
120.50 93.00
121.00 93.00
121.50 93.00
122.00 93.00
122.50 93.00
123.00 93.00
123.50 93.00
124.00 93.00
124.50 93.00
125.00 93.00
125.50 93.00
126.00 93.00
126.50 93.00
127.00 93.50
127.50 93.50
128.00 93.50
128.50 93.50
129.00 94.00
129.50 94.00
130.00 94.50
130.50 95.00
131.00 95.00
131.50 95.50
132.00 96.00
132.50 96.50
133.00 96.50
133.50 97.00
134.00 97.50
134.50 98.00
135.00 98.50
135.50 99.00
136.00 99.50
136.50 100.00
136.50 100.50
137.00 101.00
137.50 101.50
138.00 102.00
138.50 102.50
138.50 103.00
139.00 103.50
139.50 104.00
139.50 104.50
140.00 105.00
140.00 105.50
140.50 106.00
140.50 106.50
141.00 107.00
141.50 107.50
141.50 108.00
142.00 108.50
142.00 109.00
142.00 109.50
142.50 110.00
142.50 110.50
142.50 111.00
143.00 111.50
143.00 112.00
143.00 112.50
143.00 113.00
143.50 113.50
143.50 114.00
143.50 114.50
143.50 115.00
143.50 115.50
143.50 116.00
143.50 116.50
143.50 117.00
144.00 117.50
144.00 118.00
143.50 118.50
143.50 119.00
143.50 119.50
143.50 120.00
143.50 120.50
143.50 121.00
143.50 121.50
143.00 122.00
143.00 122.50
143.00 123.00
142.50 123.50
142.50 124.00
142.00 124.50
142.00 125.00
141.50 125.50
141.50 126.00
141.00 126.50
140.50 127.00
140.00 127.50
139.50 128.00
139.00 128.50
138.50 129.00
138.00 129.50
137.50 130.00
137.00 130.00
136.50 130.50
136.00 131.00
135.50 131.00
135.00 131.50
134.50 131.50
134.00 132.00
133.50 132.00
133.00 132.00
132.50 132.50
132.00 132.50
131.50 132.50
131.00 132.50
130.50 133.00
130.00 133.00
129.50 133.00
129.00 133.00
128.50 133.00
128.00 133.00
127.50 133.50
127.00 133.50
126.50 133.50
126.00 133.50
125.50 133.50
125.00 133.50
124.50 133.50
124.00 133.50
123.50 133.50
123.00 133.50
122.50 133.50
122.00 133.50
121.50 133.50
121.00 133.50
120.50 133.50
120.00 133.50
119.50 133.50
119.00 133.50
118.50 133.00
118.00 133.00
117.50 132.50
117.00 132.50
116.50 132.50
116.00 132.00
115.50 131.50
115.00 131.00
114.50 130.50
114.00 130.00
113.50 129.50
113.00 129.00
113.00 128.50
112.50 128.00
112.50 127.50
112.50 127.00
112.00 126.50
112.00 126.00
112.00 125.50
112.00 125.00
112.00 124.50
112.00 124.00
112.00 123.50
112.00 123.00
111.50 122.50
111.50 122.00
111.50 121.50
