127.50 106.00
128.00 106.50
128.00 107.00
128.50 107.50
128.50 108.00
129.00 108.50
129.00 109.00
129.50 109.50
129.50 110.00
130.00 110.50
130.50 111.00
131.00 111.50
131.50 112.00
132.00 112.50
132.00 113.00
132.50 113.50
133.00 114.00
133.00 114.50
133.00 115.00
133.50 115.50
133.50 116.00
133.50 116.50
133.50 117.00
133.50 117.50
133.50 118.00
133.50 118.50
133.00 119.00
133.00 119.50
133.00 120.00
132.50 120.50
132.00 121.00
131.50 121.50
131.00 122.00
130.50 122.50
130.00 123.00
129.50 123.00
129.00 123.50
128.50 123.50
128.00 124.00
127.50 124.00
127.00 124.50
126.50 124.50
126.00 124.50
125.50 125.00
125.00 125.00
124.50 125.00
124.00 125.00
123.50 125.00
123.00 125.00
122.50 125.00
122.00 125.00
121.50 125.00
121.00 125.00
120.50 125.00
120.00 125.00
119.50 124.50
119.00 124.50
118.50 124.00
118.00 124.00
117.50 123.50
117.00 123.00
116.50 122.50
116.00 122.00
115.50 121.50
115.50 121.00
115.00 120.50
114.50 120.00
114.50 119.50
114.00 119.00
114.00 118.50
114.00 118.00
113.50 117.50
113.50 117.00
113.50 116.50
113.00 116.00
113.00 115.50
113.00 115.00
113.00 114.50
113.00 114.00
113.00 113.50
113.00 113.00
113.00 112.50
113.50 112.00
113.50 111.50
114.00 111.00
114.50 110.50
114.50 110.00
114.50 109.50
115.00 109.00
115.50 108.50
115.50 108.00
116.00 107.50
116.50 107.00
117.00 106.50
117.50 106.00
118.00 105.50
118.50 105.00
119.00 105.00
119.50 104.50
120.00 104.50
120.50 104.50
121.00 104.00
121.50 104.00
122.00 104.00
122.50 104.00
123.00 104.00
123.50 104.00
124.00 104.50
124.50 104.50
125.00 104.50
125.50 105.00
126.00 105.00
126.50 105.50
127.00 106.00
