111.00 109.50
111.50 109.00
111.50 108.50
112.00 108.00
112.50 107.50
113.00 107.00
113.50 106.50
113.50 106.00
114.00 105.50
114.50 105.00
115.00 104.50
115.50 104.00
116.00 103.50
116.50 103.00
117.00 102.50
117.50 102.00
118.00 101.50
118.50 101.50
119.00 101.00
119.50 101.00
120.00 100.50
120.50 100.50
121.00 100.00
121.50 100.00
122.00 99.50
122.50 99.50
123.00 99.50
123.50 99.00
124.00 99.00
124.50 99.00
125.00 98.50
125.50 98.50
126.00 98.00
126.50 98.00
127.00 98.00
127.50 98.00
128.00 97.50
128.50 97.50
129.00 97.50
129.50 97.50
130.00 97.50
130.50 97.00
131.00 97.00
131.50 97.00
132.00 97.00
132.50 97.00
133.00 97.00
133.50 97.00
134.00 97.00
134.50 97.00
135.00 97.50
135.50 97.50
136.00 97.50
136.50 98.00
137.00 98.50
137.50 98.50
138.00 99.00
138.00 99.50
138.50 100.00
139.00 100.50
139.50 101.00
139.50 101.50
140.00 102.00
140.50 102.50
140.50 103.00
140.50 103.50
141.00 104.00
141.00 104.50
141.50 105.00
141.50 105.50
142.00 106.00
142.00 106.50
142.50 107.00
142.50 107.50
143.00 108.00
143.00 108.50
143.00 109.00
143.50 109.50
143.50 110.00
143.50 110.50
144.00 111.00
144.00 111.50
144.50 112.00
145.00 112.50
145.00 113.00
145.50 113.50
145.50 114.00
145.50 114.50
146.00 115.00
146.00 115.50
146.50 116.00
146.50 116.50
146.50 117.00
147.00 117.50
147.00 118.00
147.00 118.50
147.00 119.00
147.50 119.50
147.50 120.00
147.50 120.50
147.50 121.00
147.50 121.50
147.50 122.00
147.50 122.50
147.50 123.00
147.50 123.50
147.50 124.00
147.50 124.50
147.50 125.00
147.50 125.50
147.50 126.00
147.00 126.50
147.00 127.00
147.00 127.50
147.00 128.00
146.50 128.50
146.50 129.00
146.00 129.50
146.00 130.00
146.00 130.50
145.50 131.00
145.50 131.50
145.00 132.00
144.50 132.50
144.50 133.00
144.00 133.50
144.00 134.00
143.50 134.50
143.00 135.00
142.50 135.50
142.00 136.00
141.50 136.50
141.00 137.00
140.50 137.50
140.00 138.00
139.50 138.00
139.00 138.50
138.50 139.00
138.00 139.50
137.50 139.50
137.00 140.00
136.50 140.00
136.00 140.50
135.50 140.50
135.00 141.00
134.50 141.00
134.00 141.00
133.50 141.50
133.00 141.50
132.50 141.50
132.00 142.00
131.50 142.00
131.00 142.00
130.50 142.00
130.00 142.50
129.50 142.50
129.00 142.50
128.50 142.50
128.00 142.50
127.50 142.50
127.00 142.50
126.50 142.50
126.00 142.50
125.50 142.50
125.00 142.50
124.50 142.50
124.00 142.50
123.50 142.50
123.00 142.50
122.50 142.50
122.00 142.50
121.50 142.00
121.00 142.00
120.50 142.00
120.00 142.00
119.50 142.00
119.00 141.50
118.50 141.50
118.00 141.50
117.50 141.00
117.00 141.00
116.50 141.00
116.00 140.50
115.50 140.50
115.00 140.00
114.50 140.00
114.00 139.50
113.50 139.50
113.00 139.00
112.50 139.00
112.00 138.50
111.50 138.00
111.00 138.00
110.50 137.50
110.00 137.00
109.50 136.50
109.00 136.00
108.50 135.50
108.00 135.00
107.50 134.50
107.00 134.00
106.50 133.50
106.50 133.00
106.00 132.50
105.50 132.00
105.00 131.50
105.00 131.00
104.50 130.50
104.50 130.00
104.00 129.50
104.00 129.00
103.50 128.50
103.50 128.00
103.00 127.50
103.00 127.00
103.00 126.50
103.00 126.00
102.50 125.50
102.50 125.00
102.50 124.50
102.50 124.00
102.50 123.50
102.50 123.00
102.50 122.50
102.50 122.00
102.50 121.50
102.50 121.00
102.50 120.50
103.00 120.00
103.00 119.50
103.50 119.00
103.50 118.50
104.00 118.00
104.00 117.50
104.50 117.00
105.00 116.50
105.00 116.00
105.50 115.50
106.00 115.00
106.50 114.50
107.00 114.00
107.50 113.50
108.00 113.00
108.50 112.50
108.50 112.00
109.00 111.50
109.50 111.00
110.00 110.50
110.50 110.00
