153.00 122.00
153.00 122.50
153.00 123.00
153.00 123.50
152.50 124.00
152.50 124.50
152.50 125.00
152.50 125.50
152.50 126.00
152.00 126.50
152.00 127.00
152.00 127.50
151.50 128.00
151.50 128.50
151.50 129.00
151.50 129.50
151.00 130.00
151.00 130.50
151.00 131.00
150.50 131.50
150.50 132.00
150.50 132.50
150.00 133.00
149.50 133.50
149.50 134.00
149.50 134.50
149.00 135.00
149.00 135.50
148.50 136.00
148.00 136.00
147.50 136.50
147.00 137.00
146.50 137.50
146.00 138.00
145.50 138.00
145.00 138.50
144.50 139.00
144.00 139.50
143.50 139.50
143.00 140.00
142.50 140.50
142.00 140.50
141.50 141.00
141.00 141.00
140.50 141.50
140.00 142.00
139.50 142.00
139.00 142.50
138.50 142.50
138.00 142.50
137.50 143.00
137.00 143.00
136.50 143.00
136.00 143.50
135.50 143.50
135.00 143.50
134.50 144.00
134.00 144.00
133.50 144.00
133.00 144.50
132.50 144.50
132.00 144.50
131.50 144.50
131.00 145.00
130.50 145.00
130.00 145.00
129.50 145.00
129.00 145.00
128.50 145.50
128.00 145.50
127.50 145.50
127.00 145.50
126.50 145.50
126.00 145.50
125.50 145.50
125.00 145.50
124.50 145.50
124.00 145.50
123.50 146.00
123.00 146.00
122.50 146.00
122.00 146.00
121.50 146.00
121.00 146.00
120.50 145.50
120.00 145.50
119.50 145.50
119.00 145.50
118.50 145.50
118.00 145.50
117.50 145.50
117.00 145.00
116.50 145.00
116.00 145.00
115.50 144.50
115.00 144.50
114.50 144.50
114.00 144.00
113.50 144.00
113.00 143.50
112.50 143.00
112.00 142.50
111.50 142.50
111.00 142.00
110.50 141.50
110.00 141.00
110.00 140.50
109.50 140.00
109.00 139.50
109.00 139.00
108.50 138.50
108.50 138.00
108.00 137.50
108.00 137.00
107.50 136.50
107.50 136.00
107.50 135.50
107.00 135.00
107.00 134.50
106.50 134.00
106.50 133.50
106.00 133.00
106.00 132.50
106.00 132.00
105.50 131.50
105.50 131.00
105.50 130.50
105.00 130.00
105.00 129.50
105.00 129.00
105.00 128.50
105.00 128.00
105.00 127.50
105.00 127.00
105.00 126.50
105.00 126.00
105.50 125.50
105.50 125.00
106.00 124.50
106.00 124.00
106.00 123.50
106.50 123.00
107.00 122.50
107.00 122.00
107.50 121.50
108.00 121.00
108.00 120.50
108.00 120.00
108.50 119.50
108.50 119.00
109.00 118.50
109.00 118.00
109.00 117.50
109.00 117.00
109.50 116.50
109.50 116.00
109.50 115.50
109.50 115.00
109.50 114.50
109.50 114.00
109.50 113.50
109.50 113.00
110.00 112.50
110.00 112.00
110.00 111.50
110.00 111.00
110.00 110.50
110.00 110.00
110.00 109.50
110.00 109.00
110.00 108.50
110.50 108.00
110.50 107.50
110.50 107.00
110.50 106.50
110.50 106.00
111.00 105.50
111.00 105.00
111.00 104.50
111.50 104.00
111.50 103.50
111.50 103.00
112.00 102.50
112.00 102.00
112.00 101.50
112.50 101.00
112.50 100.50
113.00 100.00
113.00 99.50
113.50 99.00
113.50 98.50
113.50 98.00
114.00 97.50
114.00 97.00
114.50 96.50
115.00 96.00
115.00 95.50
115.50 95.00
116.00 94.50
116.00 94.00
116.50 93.50
117.00 93.00
117.00 92.50
117.50 92.00
118.00 91.50
118.50 91.00
119.00 90.50
119.50 90.00
120.00 89.50
120.50 89.00
121.00 88.50
121.50 88.00
122.00 87.50
122.50 87.50
123.00 87.00
123.50 86.50
124.00 86.50
124.50 86.50
125.00 86.00
125.50 86.00
126.00 86.00
126.50 86.00
127.00 86.00
127.50 86.00
128.00 86.00
128.50 86.00
129.00 86.00
129.50 86.00
130.00 86.50
130.50 86.50
131.00 86.50
131.50 86.50
132.00 86.50
132.50 87.00
133.00 87.00
133.50 87.50
134.00 87.50
134.50 88.00
135.00 88.00
135.50 88.00
136.00 88.50
136.50 88.50
137.00 88.50
137.50 89.00
138.00 89.50
138.50 89.50
139.00 90.00
139.50 90.00
140.00 90.50
140.50 91.00
141.00 91.00
141.50 91.50
142.00 91.50
142.50 92.00
143.00 92.50
143.50 93.00
144.00 93.50
144.50 94.00
145.00 94.50
145.50 95.00
146.00 95.50
146.50 96.00
146.50 96.50
147.00 97.00
147.50 97.50
147.50 98.00
148.00 98.50
148.00 99.00
148.50 99.50
149.00 100.00
149.00 100.50
149.50 101.00
149.50 101.50
150.00 102.00
150.00 102.50
150.00 103.00
150.50 103.50
150.50 104.00
151.00 104.50
151.00 105.00
151.00 105.50
151.50 106.00
151.50 106.50
151.50 107.00
151.50 107.50
151.50 108.00
152.00 108.50
152.00 109.00
152.00 109.50
152.00 110.00
152.00 110.50
152.50 111.00
152.50 111.50
152.50 112.00
152.50 112.50
152.50 113.00
152.50 113.50
152.50 114.00
152.50 114.50
152.50 115.00
152.50 115.50
152.50 116.00
152.50 116.50
152.50 117.00
153.00 117.50
153.00 118.00
153.00 118.50
153.00 119.00
153.00 119.50
153.00 120.00
153.00 120.50
153.00 121.00
153.00 121.50
