108.50 107.50
108.50 107.00
108.50 106.50
109.00 106.00
109.00 105.50
109.00 105.00
109.50 104.50
109.50 104.00
109.50 103.50
109.50 103.00
110.00 102.50
110.00 102.00
110.00 101.50
110.50 101.00
110.50 100.50
111.00 100.00
111.00 99.50
111.00 99.00
111.50 98.50
111.50 98.00
112.00 97.50
112.50 97.00
112.50 96.50
112.50 96.00
113.00 95.50
113.50 95.00
114.00 94.50
114.00 94.00
114.50 93.50
115.00 93.00
115.50 92.50
116.00 92.00
116.50 91.50
117.00 91.00
117.50 90.50
118.00 90.00
118.50 89.50
119.00 89.50
119.50 89.50
120.00 89.00
120.50 89.00
121.00 88.50
121.50 88.50
122.00 88.50
122.50 88.50
123.00 88.50
123.50 88.50
124.00 88.00
124.50 88.00
125.00 88.00
125.50 88.00
126.00 88.50
126.50 88.50
127.00 88.50
127.50 88.50
128.00 88.50
128.50 88.50
129.00 88.50
129.50 89.00
130.00 89.00
130.50 89.00
131.00 89.00
131.50 89.00
132.00 89.50
132.50 89.50
133.00 89.50
133.50 90.00
134.00 90.00
134.50 90.00
135.00 90.50
135.50 90.50
136.00 91.00
136.50 91.00
137.00 91.50
137.50 91.50
138.00 92.00
138.50 92.50
139.00 92.50
139.50 93.00
140.00 93.50
140.50 93.50
141.00 94.00
141.50 94.50
142.00 95.00
142.50 95.50
143.00 96.00
143.50 96.50
144.00 97.00
144.50 97.50
144.50 98.00
145.00 98.50
145.50 99.00
145.50 99.50
146.00 100.00
146.50 100.50
147.00 101.00
147.00 101.50
147.00 102.00
147.50 102.50
148.00 103.00
148.00 103.50
148.50 104.00
148.50 104.50
149.00 105.00
149.00 105.50
149.50 106.00
149.50 106.50
149.50 107.00
150.00 107.50
150.00 108.00
150.00 108.50
150.50 109.00
150.50 109.50
150.50 110.00
150.50 110.50
150.50 111.00
151.00 111.50
151.00 112.00
151.00 112.50
151.00 113.00
151.00 113.50
151.00 114.00
151.00 114.50
151.00 115.00
151.00 115.50
151.00 116.00
151.00 116.50
151.00 117.00
151.00 117.50
151.00 118.00
151.00 118.50
151.00 119.00
151.00 119.50
151.00 120.00
151.00 120.50
151.00 121.00
151.00 121.50
151.00 122.00
151.00 122.50
151.00 123.00
150.50 123.50
150.50 124.00
150.50 124.50
150.50 125.00
150.50 125.50
150.00 126.00
150.00 126.50
150.00 127.00
150.00 127.50
150.00 128.00
149.50 128.50
149.50 129.00
149.50 129.50
149.50 130.00
149.00 130.50
149.00 131.00
149.00 131.50
148.50 132.00
148.50 132.50
148.50 133.00
148.00 133.50
148.00 134.00
148.00 134.50
147.50 135.00
147.50 135.50
147.50 136.00
147.00 136.50
146.50 137.00
146.50 137.50
146.00 138.00
145.50 138.50
145.50 139.00
145.00 139.50
144.50 140.00
144.00 140.50
143.50 141.00
143.00 141.50
142.50 141.50
142.00 142.00
141.50 142.00
141.00 142.50
140.50 142.50
140.00 143.00
139.50 143.00
139.00 143.00
138.50 143.00
138.00 143.50
137.50 143.50
137.00 143.50
136.50 143.50
136.00 143.50
135.50 143.50
135.00 143.50
134.50 144.00
134.00 144.00
133.50 144.00
133.00 144.00
132.50 144.00
132.00 144.00
131.50 144.00
131.00 144.00
130.50 144.00
130.00 144.00
129.50 144.00
129.00 144.00
128.50 144.00
128.00 144.00
127.50 144.00
127.00 144.00
126.50 144.00
126.00 144.00
125.50 144.00
125.00 144.00
124.50 144.00
124.00 144.00
123.50 144.00
123.00 144.00
122.50 144.00
122.00 144.00
121.50 144.00
121.00 144.00
120.50 144.00
120.00 144.00
119.50 144.00
119.00 143.50
118.50 143.50
118.00 143.50
117.50 143.50
117.00 143.00
116.50 143.00
116.00 143.00
115.50 143.00
115.00 142.50
114.50 142.50
114.00 142.00
113.50 142.00
113.00 141.50
112.50 141.00
112.00 140.50
111.50 140.50
111.00 140.00
110.50 139.50
110.00 139.00
109.50 138.50
109.50 138.00
109.00 137.50
109.00 137.00
108.50 136.50
108.50 136.00
108.00 135.50
107.50 135.00
107.50 134.50
107.50 134.00
107.00 133.50
107.00 133.00
107.00 132.50
107.00 132.00
106.50 131.50
106.50 131.00
106.50 130.50
106.50 130.00
106.50 129.50
106.50 129.00
106.50 128.50
106.50 128.00
106.50 127.50
106.50 127.00
106.50 126.50
106.50 126.00
106.50 125.50
106.50 125.00
106.50 124.50
106.50 124.00
106.50 123.50
106.50 123.00
106.50 122.50
106.50 122.00
106.50 121.50
107.00 121.00
107.00 120.50
107.00 120.00
107.00 119.50
107.00 119.00
107.00 118.50
107.00 118.00
107.00 117.50
107.00 117.00
107.50 116.50
107.50 116.00
107.50 115.50
107.50 115.00
107.50 114.50
107.50 114.00
107.50 113.50
107.50 113.00
107.50 112.50
108.00 112.00
108.00 111.50
108.00 111.00
108.00 110.50
108.00 110.00
108.00 109.50
108.00 109.00
108.50 108.50
108.50 108.00
