107.50 132.00
107.00 131.50
107.00 131.00
107.00 130.50
106.50 130.00
106.50 129.50
106.00 129.00
106.00 128.50
105.50 128.00
105.50 127.50
105.50 127.00
105.00 126.50
105.00 126.00
105.00 125.50
105.00 125.00
104.50 124.50
104.50 124.00
104.50 123.50
104.50 123.00
104.50 122.50
105.00 122.00
105.00 121.50
105.50 121.00
105.50 120.50
105.50 120.00
106.00 119.50
106.50 119.00
107.00 118.50
107.00 118.00
107.50 117.50
108.00 117.00
108.50 116.50
109.00 116.00
109.50 115.50
109.50 115.00
110.00 114.50
110.50 114.00
111.00 113.50
111.00 113.00
111.50 112.50
112.00 112.00
112.00 111.50
112.00 111.00
112.50 110.50
113.00 110.00
113.00 109.50
113.50 109.00
113.50 108.50
114.00 108.00
114.50 107.50
115.00 107.00
115.00 106.50
115.00 106.00
115.50 105.50
115.50 105.00
115.50 104.50
116.00 104.00
116.00 103.50
116.00 103.00
116.50 102.50
116.50 102.00
116.50 101.50
117.00 101.00
117.00 100.50
117.50 100.00
117.50 99.50
117.50 99.00
118.00 98.50
118.00 98.00
118.50 97.50
118.50 97.00
119.00 96.50
119.00 96.00
119.50 95.50
120.00 95.00
120.50 94.50
120.50 94.00
120.50 93.50
121.00 93.00
121.50 92.50
122.00 92.50
122.50 92.50
123.00 92.00
123.50 91.50
124.00 91.50
124.50 91.50
125.00 91.50
125.50 91.50
126.00 91.50
126.50 91.50
127.00 91.50
127.50 91.50
128.00 91.50
128.50 91.50
129.00 92.00
129.50 92.00
130.00 92.00
130.50 92.50
131.00 92.50
131.50 93.00
132.00 93.00
132.50 93.00
133.00 93.50
133.50 93.50
134.00 94.00
134.50 94.00
135.00 94.50
135.50 94.50
136.00 95.00
136.50 95.00
137.00 95.50
137.50 95.50
138.00 96.00
138.50 96.50
139.00 96.50
139.50 97.00
140.00 97.50
140.50 97.50
141.00 98.00
141.50 98.50
142.00 99.00
142.50 99.50
143.00 100.00
143.50 100.50
144.00 101.00
144.50 101.50
145.00 102.00
145.00 102.50
145.50 103.00
145.50 103.50
146.00 104.00
146.00 104.50
146.50 105.00
146.50 105.50
147.00 106.00
147.00 106.50
147.00 107.00
147.50 107.50
147.50 108.00
147.50 108.50
148.00 109.00
148.00 109.50
148.00 110.00
148.50 110.50
148.50 111.00
148.50 111.50
148.50 112.00
148.50 112.50
148.50 113.00
149.00 113.50
149.00 114.00
149.00 114.50
149.00 115.00
149.00 115.50
149.00 116.00
149.00 116.50
149.00 117.00
149.00 117.50
149.00 118.00
149.00 118.50
149.00 119.00
149.00 119.50
149.00 120.00
149.00 120.50
149.00 121.00
149.00 121.50
149.00 122.00
149.00 122.50
149.00 123.00
149.00 123.50
149.00 124.00
149.00 124.50
148.50 125.00
148.50 125.50
148.50 126.00
148.50 126.50
148.00 127.00
148.00 127.50
148.00 128.00
147.50 128.50
147.50 129.00
147.50 129.50
147.00 130.00
147.00 130.50
146.50 131.00
146.50 131.50
146.00 132.00
145.50 132.50
145.50 133.00
145.00 133.50
144.50 134.00
144.00 134.50
143.50 135.00
143.00 135.50
142.50 136.00
142.00 136.50
141.50 136.50
141.00 137.00
140.50 137.50
140.00 138.00
139.50 138.00
139.00 138.50
138.50 138.50
138.00 139.00
137.50 139.00
137.00 139.50
136.50 140.00
136.00 140.00
135.50 140.00
135.00 140.50
134.50 140.50
134.00 140.50
133.50 141.00
133.00 141.00
132.50 141.00
132.00 141.00
131.50 141.50
131.00 141.50
130.50 141.50
130.00 141.50
129.50 142.00
129.00 142.00
128.50 142.00
128.00 142.00
127.50 142.00
127.00 142.00
126.50 142.00
126.00 142.00
125.50 142.00
125.00 142.00
124.50 142.00
124.00 142.00
123.50 142.00
123.00 142.00
122.50 142.00
122.00 142.00
121.50 142.00
121.00 141.50
120.50 141.50
120.00 141.50
119.50 141.50
119.00 141.50
118.50 141.00
118.00 141.00
117.50 141.00
117.00 141.00
116.50 140.50
116.00 140.50
115.50 140.00
115.00 140.00
114.50 140.00
114.00 139.50
113.50 139.50
113.00 139.00
112.50 139.00
112.00 138.50
111.50 138.50
111.00 138.00
110.50 137.50
110.00 137.00
109.50 136.50
109.00 136.00
108.50 135.50
108.00 135.00
108.00 134.50
107.50 134.00
107.00 133.50
107.00 133.00
107.00 132.50
