111.50 117.00
111.50 116.50
111.50 116.00
111.50 115.50
111.50 115.00
111.50 114.50
112.00 114.00
112.00 113.50
112.00 113.00
112.00 112.50
112.00 112.00
112.00 111.50
112.00 111.00
112.00 110.50
112.00 110.00
112.00 109.50
112.50 109.00
112.50 108.50
112.50 108.00
112.50 107.50
112.50 107.00
112.50 106.50
112.50 106.00
112.50 105.50
112.50 105.00
113.00 104.50
113.00 104.00
113.00 103.50
113.00 103.00
113.00 102.50
113.00 102.00
113.00 101.50
113.00 101.00
113.00 100.50
113.50 100.00
113.50 99.50
113.50 99.00
113.50 98.50
113.50 98.00
113.50 97.50
113.50 97.00
113.50 96.50
114.00 96.00
114.00 95.50
114.00 95.00
114.00 94.50
114.50 94.00
115.00 93.50
115.50 93.00
116.00 92.50
116.50 92.00
117.00 92.00
117.50 91.50
118.00 91.00
118.50 91.00
119.00 91.00
119.50 91.00
120.00 91.00
120.50 90.50
121.00 90.50
121.50 90.50
122.00 90.50
122.50 90.50
123.00 90.50
123.50 90.50
124.00 90.50
124.50 90.50
125.00 90.50
125.50 91.00
126.00 91.00
126.50 91.00
127.00 91.00
127.50 91.50
128.00 91.50
128.50 92.00
129.00 92.00
129.50 92.00
130.00 92.50
130.50 92.50
131.00 93.00
131.50 93.00
132.00 93.50
132.50 94.00
133.00 94.00
133.50 94.00
134.00 94.50
134.50 95.00
135.00 95.00
135.50 95.50
136.00 96.00
136.50 96.00
137.00 96.50
137.50 96.50
138.00 97.00
138.50 97.50
139.00 98.00
139.50 98.00
140.00 98.50
140.50 99.00
141.00 99.50
141.50 100.00
142.00 100.50
142.50 101.00
143.00 101.50
143.00 102.00
143.50 102.50
144.00 103.00
144.50 103.50
144.50 104.00
145.00 104.50
145.00 105.00
145.50 105.50
145.50 106.00
146.00 106.50
146.00 107.00
146.50 107.50
146.50 108.00
146.50 108.50
147.00 109.00
147.00 109.50
147.00 110.00
147.50 110.50
147.50 111.00
147.50 111.50
147.50 112.00
147.50 112.50
148.00 113.00
148.00 113.50
148.00 114.00
148.00 114.50
148.00 115.00
148.00 115.50
148.00 116.00
148.00 116.50
148.00 117.00
148.00 117.50
148.00 118.00
148.00 118.50
148.00 119.00
148.00 119.50
148.00 120.00
148.00 120.50
148.00 121.00
148.00 121.50
148.00 122.00
148.00 122.50
148.00 123.00
148.00 123.50
147.50 124.00
147.50 124.50
147.50 125.00
147.50 125.50
147.50 126.00
147.00 126.50
147.00 127.00
147.00 127.50
146.50 128.00
146.50 128.50
146.50 129.00
146.50 129.50
146.00 130.00
146.00 130.50
145.50 131.00
145.00 131.50
145.00 132.00
144.50 132.50
144.00 133.00
144.00 133.50
143.50 134.00
143.00 134.50
142.50 135.00
142.00 135.50
141.50 136.00
141.00 136.50
140.50 137.00
140.00 137.50
139.50 137.50
139.00 137.50
138.50 138.00
138.00 138.50
137.50 139.00
137.00 139.00
136.50 139.00
136.00 139.50
135.50 139.50
135.00 139.50
134.50 140.00
134.00 140.00
133.50 140.00
133.00 140.00
132.50 140.00
132.00 140.00
131.50 140.00
131.00 140.00
130.50 140.50
130.00 140.50
129.50 140.50
129.00 140.50
128.50 140.00
128.00 140.00
127.50 140.00
127.00 140.00
126.50 140.00
126.00 140.00
125.50 140.00
125.00 140.00
124.50 140.00
124.00 140.00
123.50 140.00
123.00 140.00
122.50 140.00
122.00 140.00
121.50 140.00
121.00 139.50
120.50 139.50
120.00 139.50
119.50 139.50
119.00 139.50
118.50 139.50
118.00 139.00
117.50 139.00
117.00 139.00
116.50 138.50
116.00 138.50
115.50 138.00
115.00 137.50
114.50 137.00
114.00 136.50
113.50 136.00
113.00 135.50
112.50 135.00
112.00 134.50
112.00 134.00
111.50 133.50
111.50 133.00
111.00 132.50
111.00 132.00
110.50 131.50
110.50 131.00
110.50 130.50
110.50 130.00
110.00 129.50
110.00 129.00
110.00 128.50
110.00 128.00
110.00 127.50
110.00 127.00
110.00 126.50
110.00 126.00
110.00 125.50
110.00 125.00
110.00 124.50
110.00 124.00
110.00 123.50
110.00 123.00
110.50 122.50
110.50 122.00
110.50 121.50
110.50 121.00
110.50 120.50
111.00 120.00
111.00 119.50
111.00 119.00
111.50 118.50
111.50 118.00
111.50 117.50
