107.50 109.00
108.00 108.50
108.50 108.00
109.00 107.50
109.50 107.00
110.00 106.50
110.50 106.00
111.00 105.50
111.50 105.00
112.00 104.50
112.50 104.00
113.00 104.00
113.50 103.50
114.00 103.00
114.50 102.50
115.00 102.50
115.50 102.00
116.00 102.00
116.50 101.50
117.00 101.00
117.50 101.00
118.00 100.50
118.50 100.50
119.00 100.00
119.50 100.00
120.00 99.50
120.50 99.00
121.00 99.00
121.50 98.50
122.00 98.50
122.50 98.50
123.00 98.00
123.50 97.50
124.00 97.50
124.50 97.50
125.00 97.00
125.50 97.00
126.00 97.00
126.50 96.50
127.00 96.50
127.50 96.50
128.00 96.00
128.50 96.00
129.00 96.00
129.50 96.00
130.00 96.00
130.50 96.00
131.00 95.50
131.50 95.50
132.00 95.50
132.50 95.50
133.00 95.50
133.50 95.50
134.00 95.50
134.50 96.00
135.00 96.00
135.50 96.00
136.00 96.00
136.50 96.00
137.00 96.00
137.50 96.50
138.00 96.50
138.50 97.00
139.00 97.00
139.50 97.00
140.00 97.50
140.50 97.50
141.00 98.00
141.50 98.50
142.00 98.50
142.50 99.00
143.00 99.50
143.50 100.00
144.00 100.00
144.50 100.50
145.00 101.00
145.00 101.50
145.50 102.00
146.00 102.50
146.50 103.00
146.50 103.50
147.00 104.00
147.50 104.50
147.50 105.00
147.50 105.50
148.00 106.00
148.00 106.50
148.00 107.00
148.50 107.50
148.50 108.00
148.50 108.50
148.50 109.00
148.50 109.50
148.50 110.00
149.00 110.50
149.00 111.00
149.00 111.50
149.00 112.00
149.00 112.50
149.00 113.00
149.00 113.50
149.00 114.00
149.00 114.50
148.50 115.00
148.50 115.50
148.50 116.00
148.50 116.50
148.50 117.00
148.50 117.50
148.50 118.00
148.50 118.50
148.50 119.00
148.50 119.50
148.50 120.00
148.50 120.50
148.50 121.00
148.50 121.50
148.50 122.00
148.50 122.50
148.00 123.00
148.00 123.50
148.00 124.00
148.00 124.50
148.00 125.00
148.00 125.50
148.00 126.00
148.00 126.50
148.00 127.00
148.00 127.50
147.50 128.00
147.50 128.50
147.50 129.00
147.50 129.50
147.50 130.00
147.00 130.50
147.00 131.00
147.00 131.50
146.50 132.00
146.50 132.50
146.50 133.00
146.00 133.50
146.00 134.00
145.50 134.50
145.50 135.00
145.00 135.50
145.00 136.00
144.50 136.50
144.50 137.00
144.00 137.50
144.00 138.00
143.50 138.50
143.00 139.00
142.50 139.50
142.50 140.00
142.00 140.50
141.50 140.50
141.00 141.00
140.50 141.50
140.00 142.00
139.50 142.50
139.00 143.00
138.50 143.50
138.00 143.50
137.50 144.00
137.00 144.50
136.50 144.50
136.00 145.00
135.50 145.00
135.00 145.50
134.50 145.50
134.00 146.00
133.50 146.00
133.00 146.50
132.50 146.50
132.00 146.50
131.50 147.00
131.00 147.00
130.50 147.00
130.00 147.00
129.50 147.50
129.00 147.50
128.50 147.50
128.00 147.50
127.50 147.50
127.00 147.50
126.50 148.00
126.00 148.00
125.50 148.00
125.00 148.00
124.50 148.00
124.00 148.00
123.50 148.00
123.00 148.00
122.50 147.50
122.00 147.50
121.50 147.50
121.00 147.50
120.50 147.50
120.00 147.50
119.50 147.00
119.00 147.00
118.50 147.00
118.00 146.50
117.50 146.50
117.00 146.50
116.50 146.00
116.00 146.00
115.50 146.00
115.00 145.50
114.50 145.50
114.00 145.00
113.50 144.50
113.00 144.50
112.50 144.00
112.00 144.00
111.50 143.50
111.00 143.00
110.50 142.50
110.00 142.00
109.50 142.00
109.00 141.50
108.50 141.00
108.50 140.50
108.00 140.00
107.50 139.50
107.00 139.00
106.50 138.50
106.50 138.00
106.00 137.50
106.00 137.00
105.50 136.50
105.00 136.00
105.00 135.50
104.50 135.00
104.50 134.50
104.50 134.00
104.00 133.50
104.00 133.00
103.50 132.50
103.50 132.00
103.50 131.50
103.00 131.00
103.00 130.50
103.00 130.00
103.00 129.50
103.00 129.00
103.00 128.50
102.50 128.00
102.50 127.50
102.50 127.00
102.50 126.50
102.50 126.00
102.50 125.50
102.50 125.00
102.50 124.50
102.50 124.00
102.50 123.50
102.50 123.00
102.50 122.50
102.50 122.00
102.50 121.50
102.50 121.00
102.50 120.50
103.00 120.00
103.00 119.50
103.00 119.00
103.00 118.50
103.50 118.00
103.50 117.50
103.50 117.00
103.50 116.50
104.00 116.00
104.00 115.50
104.00 115.00
104.50 114.50
104.50 114.00
105.00 113.50
105.00 113.00
105.50 112.50
105.50 112.00
106.00 111.50
106.00 111.00
106.50 110.50
106.50 110.00
107.00 109.50
