107.00 133.00
106.50 132.50
106.50 132.00
106.50 131.50
106.00 131.00
105.50 130.50
105.00 130.00
105.00 129.50
105.00 129.00
104.50 128.50
104.50 128.00
104.00 127.50
104.00 127.00
103.50 126.50
103.50 126.00
103.00 125.50
103.00 125.00
103.00 124.50
103.00 124.00
102.50 123.50
102.50 123.00
102.50 122.50
102.50 122.00
102.50 121.50
102.50 121.00
102.50 120.50
102.50 120.00
102.50 119.50
102.50 119.00
102.50 118.50
102.50 118.00
102.50 117.50
102.50 117.00
102.50 116.50
102.50 116.00
103.00 115.50
103.00 115.00
103.00 114.50
103.50 114.00
103.50 113.50
104.00 113.00
104.00 112.50
104.00 112.00
104.50 111.50
105.00 111.00
105.00 110.50
105.50 110.00
106.00 109.50
106.50 109.00
107.00 108.50
107.00 108.00
107.50 107.50
108.00 107.00
108.50 106.50
109.00 106.00
109.50 105.50
110.00 105.00
110.50 104.50
111.00 104.00
111.50 103.50
112.00 103.00
112.50 102.50
113.00 102.50
113.50 102.00
114.00 102.00
114.50 101.50
115.00 101.50
115.50 101.50
116.00 101.50
116.50 101.50
117.00 101.50
117.50 101.50
118.00 101.50
118.50 101.50
119.00 101.50
119.50 101.50
120.00 101.50
120.50 101.50
121.00 101.50
121.50 101.50
122.00 101.50
122.50 101.00
123.00 101.00
123.50 101.00
124.00 100.50
124.50 100.50
125.00 100.00
125.50 99.50
126.00 99.50
126.50 99.00
127.00 98.50
127.50 98.50
128.00 98.00
128.50 98.50
129.00 98.50
129.50 98.50
130.00 98.50
130.50 98.50
131.00 98.50
131.50 98.50
132.00 98.50
132.50 98.50
133.00 99.00
133.50 99.50
134.00 99.50
134.50 99.50
135.00 100.00
135.50 100.50
136.00 101.00
136.50 101.50
137.00 102.00
137.50 102.50
138.00 103.00
138.50 103.50
139.00 104.00
139.00 104.50
139.50 105.00
140.00 105.00
140.50 105.50
140.50 106.00
141.00 106.50
141.00 107.00
141.50 107.50
142.00 108.00
142.00 108.50
142.50 109.00
142.50 109.50
143.00 110.00
143.00 110.50
143.50 111.00
143.50 111.50
144.00 112.00
144.50 112.50
144.50 113.00
144.50 113.50
145.00 114.00
145.00 114.50
145.00 115.00
145.50 115.50
145.50 116.00
145.50 116.50
145.50 117.00
146.00 117.50
146.00 118.00
146.00 118.50
146.00 119.00
146.00 119.50
146.00 120.00
146.00 120.50
146.00 121.00
146.00 121.50
146.00 122.00
146.00 122.50
146.00 123.00
146.00 123.50
145.50 124.00
145.50 124.50
145.50 125.00
145.50 125.50
145.00 126.00
145.00 126.50
144.50 127.00
144.50 127.50
144.50 128.00
144.00 128.50
144.00 129.00
143.50 129.50
143.50 130.00
143.00 130.50
142.50 131.00
142.00 131.50
142.00 132.00
141.50 132.50
141.00 133.00
140.50 133.50
140.00 134.00
139.50 134.50
139.00 135.00
138.50 135.50
138.00 136.00
137.50 136.50
137.00 136.50
136.50 137.00
136.00 137.50
135.50 138.00
135.00 138.00
134.50 138.50
134.00 139.00
133.50 139.00
133.00 139.50
132.50 139.50
132.00 139.50
131.50 140.00
131.00 140.00
130.50 140.00
130.00 140.50
129.50 140.50
129.00 141.00
128.50 141.00
128.00 141.00
127.50 141.00
127.00 141.00
126.50 141.00
126.00 141.50
125.50 141.50
125.00 141.50
124.50 141.50
124.00 141.50
123.50 141.50
123.00 141.50
122.50 141.50
122.00 141.50
121.50 141.50
121.00 141.50
120.50 141.00
120.00 141.00
119.50 141.00
119.00 141.00
118.50 141.00
118.00 140.50
117.50 140.50
117.00 140.50
116.50 140.00
116.00 140.00
115.50 140.00
115.00 139.50
114.50 139.50
114.00 139.00
113.50 139.00
113.00 138.50
112.50 138.00
112.00 138.00
111.50 137.50
111.00 137.00
110.50 136.50
110.00 136.50
109.50 136.00
109.00 135.50
109.00 135.00
108.50 134.50
108.00 134.00
107.50 133.50
