110.50 109.50
110.50 109.00
110.50 108.50
111.00 108.00
111.00 107.50
111.00 107.00
111.00 106.50
111.50 106.00
111.50 105.50
111.50 105.00
112.00 104.50
112.00 104.00
112.50 103.50
112.50 103.00
113.00 102.50
113.50 102.00
113.50 101.50
114.00 101.00
114.50 100.50
115.00 100.00
115.50 99.50
116.00 99.00
116.50 98.50
117.00 98.50
117.50 98.00
118.00 97.50
118.50 97.50
119.00 97.50
119.50 97.00
120.00 97.00
120.50 96.50
121.00 96.50
121.50 96.50
122.00 96.50
122.50 96.50
123.00 96.50
123.50 96.50
124.00 96.50
124.50 96.50
125.00 97.00
125.50 97.00
126.00 97.50
126.50 97.50
127.00 98.00
127.50 98.50
128.00 98.50
128.50 99.00
129.00 99.00
129.50 99.50
130.00 100.00
130.50 100.00
131.00 100.50
131.50 101.00
132.00 101.00
132.50 101.50
133.00 101.50
133.50 102.00
134.00 102.00
134.50 102.50
135.00 103.00
135.50 103.00
136.00 103.50
136.50 103.50
137.00 104.00
137.50 104.50
138.00 105.00
138.00 105.50
138.00 106.00
138.50 106.50
138.50 107.00
138.50 107.50
138.00 108.00
138.00 108.50
138.00 109.00
138.00 109.50
138.00 110.00
137.50 110.50
137.50 111.00
137.50 111.50
137.50 112.00
137.00 112.50
137.00 113.00
137.00 113.50
136.50 114.00
136.50 114.50
136.50 115.00
136.50 115.50
136.50 116.00
136.50 116.50
136.50 117.00
136.50 117.50
136.50 118.00
136.50 118.50
136.50 119.00
136.50 119.50
136.50 120.00
137.00 120.50
137.00 121.00
137.00 121.50
137.00 122.00
137.00 122.50
137.00 123.00
137.50 123.50
137.50 124.00
137.50 124.50
137.50 125.00
137.50 125.50
137.50 126.00
137.50 126.50
137.50 127.00
137.50 127.50
137.50 128.00
137.50 128.50
137.00 129.00
137.00 129.50
137.00 130.00
137.00 130.50
136.50 131.00
136.50 131.50
136.00 132.00
136.00 132.50
135.50 133.00
135.50 133.50
135.00 134.00
134.50 134.50
134.00 135.00
133.50 135.50
133.00 135.50
132.50 136.00
132.00 136.00
131.50 136.50
131.00 136.50
130.50 137.00
130.00 137.00
129.50 137.00
129.00 137.00
128.50 137.00
128.00 137.00
127.50 137.00
127.00 137.00
126.50 137.00
126.00 137.00
125.50 137.00
125.00 137.00
124.50 137.00
124.00 137.00
123.50 136.50
123.00 136.50
122.50 136.50
122.00 136.50
121.50 136.00
121.00 136.00
120.50 135.50
120.00 135.50
119.50 135.50
119.00 135.00
118.50 134.50
118.00 134.50
117.50 134.00
117.00 133.50
116.50 133.00
116.00 132.50
115.50 132.00
115.00 131.50
114.50 131.00
114.00 130.50
114.00 130.00
113.50 129.50
113.00 129.00
113.00 128.50
113.00 128.00
112.50 127.50
112.50 127.00
112.00 126.50
112.00 126.00
112.00 125.50
112.00 125.00
111.50 124.50
111.50 124.00
111.50 123.50
111.00 123.00
111.00 122.50
111.00 122.00
111.00 121.50
111.00 121.00
111.00 120.50
110.50 120.00
110.50 119.50
110.50 119.00
110.50 118.50
110.50 118.00
110.50 117.50
110.50 117.00
110.50 116.50
110.50 116.00
110.00 115.50
110.00 115.00
110.00 114.50
110.00 114.00
110.00 113.50
110.00 113.00
110.00 112.50
110.00 112.00
110.50 111.50
110.50 111.00
110.50 110.50
110.50 110.00
