119.00 113.50
119.50 113.00
120.00 112.50
120.50 112.00
121.00 111.50
121.50 111.00
122.00 111.00
122.50 111.00
123.00 111.00
123.50 111.00
124.00 111.00
124.50 111.50
125.00 112.00
125.50 112.00
126.00 112.50
126.00 113.00
126.50 113.50
126.50 114.00
127.00 114.50
127.00 115.00
127.00 115.50
127.00 116.00
127.00 116.50
127.00 117.00
127.00 117.50
127.00 118.00
126.50 118.50
126.00 119.00
126.00 119.50
125.50 120.00
125.00 120.50
124.50 121.00
124.00 121.00
123.50 121.50
123.00 121.50
122.50 121.50
122.00 121.50
121.50 122.00
121.00 122.00
120.50 122.00
120.00 121.50
119.50 121.50
119.00 121.00
118.50 120.50
118.50 120.00
118.00 119.50
118.00 119.00
118.00 118.50
118.00 118.00
118.00 117.50
118.00 117.00
118.00 116.50
118.00 116.00
118.00 115.50
118.00 115.00
118.50 114.50
118.50 114.00
