111.00 106.00
111.00 105.50
111.50 105.00
111.50 104.50
112.00 104.00
112.50 103.50
113.00 103.00
113.50 102.50
114.00 102.00
114.50 101.50
115.00 101.00
115.50 100.50
116.00 100.50
116.50 100.00
117.00 99.50
117.50 99.50
118.00 99.00
118.50 99.00
119.00 98.50
119.50 98.50
120.00 98.50
120.50 98.50
121.00 98.00
121.50 98.00
122.00 98.00
122.50 98.00
123.00 98.00
123.50 98.00
124.00 98.00
124.50 98.00
125.00 98.00
125.50 98.00
126.00 98.00
126.50 98.50
127.00 98.50
127.50 98.50
128.00 99.00
128.50 99.00
129.00 99.00
129.50 99.50
130.00 100.00
130.50 100.50
131.00 101.00
131.50 101.50
131.50 102.00
132.00 102.50
132.00 103.00
132.00 103.50
132.00 104.00
132.00 104.50
132.00 105.00
132.00 105.50
132.00 106.00
132.00 106.50
132.00 107.00
132.00 107.50
132.00 108.00
132.00 108.50
132.00 109.00
132.00 109.50
132.00 110.00
132.00 110.50
132.00 111.00
132.00 111.50
132.00 112.00
132.50 112.50
132.50 113.00
132.50 113.50
133.00 114.00
133.00 114.50
133.50 115.00
134.00 115.50
134.00 116.00
134.00 116.50
134.50 117.00
134.50 117.50
135.00 118.00
135.00 118.50
135.50 119.00
135.50 119.50
135.50 120.00
136.00 120.50
136.00 121.00
136.00 121.50
136.00 122.00
136.00 122.50
136.00 123.00
136.00 123.50
136.00 124.00
135.50 124.50
135.50 125.00
135.00 125.50
134.50 126.00
134.00 126.50
133.50 127.00
133.00 127.00
132.50 127.50
132.00 127.50
131.50 127.50
131.00 128.00
130.50 128.00
130.00 128.00
129.50 128.00
129.00 128.50
128.50 128.50
128.00 128.50
127.50 128.50
127.00 128.50
126.50 128.50
126.00 128.50
125.50 128.50
125.00 128.50
124.50 128.50
124.00 128.50
123.50 128.50
123.00 128.50
122.50 128.50
122.00 128.50
121.50 128.50
121.00 128.50
120.50 128.50
120.00 128.00
119.50 128.00
119.00 128.00
118.50 128.00
118.00 127.50
117.50 127.50
117.00 127.00
116.50 126.50
116.00 126.00
115.50 125.50
115.00 125.00
114.50 124.50
114.00 124.00
113.50 123.50
113.00 123.00
113.00 122.50
112.50 122.00
112.00 121.50
112.00 121.00
112.00 120.50
111.50 120.00
111.00 119.50
111.00 119.00
111.00 118.50
110.50 118.00
110.50 117.50
110.50 117.00
110.50 116.50
110.00 116.00
110.00 115.50
110.00 115.00
110.00 114.50
110.00 114.00
110.00 113.50
110.00 113.00
110.00 112.50
110.00 112.00
110.00 111.50
110.00 111.00
110.00 110.50
110.00 110.00
110.00 109.50
110.00 109.00
110.00 108.50
110.50 108.00
110.50 107.50
110.50 107.00
110.50 106.50
