110.50 107.00
110.50 106.50
110.50 106.00
110.50 105.50
110.50 105.00
111.00 104.50
111.00 104.00
111.00 103.50
111.00 103.00
111.00 102.50
111.00 102.00
111.00 101.50
111.50 101.00
111.50 100.50
111.50 100.00
111.50 99.50
112.00 99.00
112.00 98.50
112.50 98.00
112.50 97.50
113.00 97.00
113.00 96.50
113.50 96.00
113.50 95.50
114.00 95.00
114.50 94.50
115.00 94.00
115.50 93.50
116.00 93.50
116.50 93.00
117.00 92.50
117.50 92.50
118.00 92.50
118.50 92.00
119.00 92.00
119.50 92.00
120.00 92.00
120.50 92.00
121.00 92.00
121.50 92.00
122.00 92.00
122.50 92.00
123.00 92.00
123.50 92.00
124.00 92.00
124.50 92.00
125.00 92.00
125.50 92.00
126.00 92.50
126.50 92.50
127.00 92.50
127.50 93.00
128.00 93.00
128.50 93.00
129.00 93.00
129.50 93.50
130.00 93.50
130.50 93.50
131.00 94.00
131.50 94.00
132.00 94.50
132.50 94.50
133.00 94.50
133.50 95.00
134.00 95.00
134.50 95.50
135.00 95.50
135.50 96.00
136.00 96.00
136.50 96.50
137.00 97.00
137.50 97.00
138.00 97.50
138.50 98.00
139.00 98.50
139.50 99.00
140.00 99.50
140.50 100.00
141.00 100.50
141.50 101.00
142.00 101.50
142.50 102.00
143.00 102.50
143.00 103.00
143.50 103.50
143.50 104.00
144.00 104.50
144.50 105.00
144.50 105.50
145.00 106.00
145.00 106.50
145.50 107.00
145.50 107.50
146.00 108.00
146.50 108.50
146.50 109.00
147.00 109.50
147.00 110.00
147.00 110.50
147.50 111.00
147.50 111.50
148.00 112.00
148.00 112.50
148.50 113.00
148.50 113.50
148.50 114.00
149.00 114.50
149.00 115.00
149.50 115.50
149.50 116.00
150.00 116.50
150.00 117.00
150.00 117.50
150.50 118.00
150.50 118.50
150.50 119.00
150.50 119.50
150.50 120.00
150.50 120.50
150.50 121.00
150.50 121.50
150.50 122.00
150.00 122.50
150.00 123.00
149.50 123.50
149.00 124.00
148.50 124.50
148.00 125.00
147.50 125.50
147.00 126.00
146.50 126.50
146.00 127.00
145.50 127.50
145.00 128.00
144.50 128.50
144.00 129.00
143.50 129.50
143.00 130.00
142.50 130.50
142.00 130.50
141.50 131.00
141.00 131.50
140.50 132.00
140.00 132.00
139.50 132.50
139.00 133.00
138.50 133.00
138.00 133.50
137.50 133.50
137.00 133.50
136.50 133.50
136.00 134.00
135.50 134.00
135.00 134.00
134.50 134.00
134.00 134.00
133.50 134.00
133.00 133.50
132.50 133.50
132.00 133.50
131.50 133.50
131.00 133.50
130.50 133.50
130.00 133.50
129.50 133.50
129.00 133.50
128.50 133.50
128.00 133.50
127.50 133.50
127.00 133.50
126.50 133.50
126.00 133.50
125.50 133.50
125.00 133.50
124.50 134.00
124.00 134.00
123.50 134.00
123.00 134.50
122.50 134.50
122.00 135.00
121.50 135.50
121.00 135.50
120.50 135.50
120.00 135.50
119.50 135.50
119.00 135.50
118.50 135.50
118.00 135.00
117.50 135.00
117.00 134.50
116.50 134.00
116.00 133.50
115.50 133.00
115.00 132.50
114.50 132.00
114.00 131.50
113.50 131.00
113.50 130.50
113.00 130.00
113.00 129.50
112.50 129.00
112.50 128.50
112.50 128.00
112.00 127.50
112.00 127.00
112.00 126.50
112.00 126.00
112.00 125.50
112.00 125.00
112.00 124.50
112.00 124.00
112.50 123.50
112.50 123.00
112.50 122.50
112.50 122.00
112.50 121.50
112.50 121.00
112.50 120.50
112.50 120.00
112.50 119.50
112.50 119.00
112.00 118.50
112.00 118.00
111.50 117.50
111.50 117.00
111.00 116.50
110.50 116.00
110.50 115.50
110.50 115.00
110.00 114.50
110.00 114.00
110.00 113.50
109.50 113.00
109.50 112.50
109.50 112.00
109.50 111.50
110.00 111.00
110.00 110.50
110.00 110.00
110.00 109.50
110.00 109.00
110.00 108.50
110.50 108.00
110.50 107.50
