114.50 108.50
115.00 108.00
115.50 107.50
116.00 107.00
116.50 107.00
117.00 106.50
117.50 106.00
118.00 106.00
118.50 106.00
119.00 105.50
119.50 105.50
120.00 105.50
120.50 105.50
121.00 105.00
121.50 105.00
122.00 105.00
122.50 105.50
123.00 105.50
123.50 105.50
124.00 105.50
124.50 106.00
125.00 106.00
125.50 106.00
126.00 106.50
126.50 107.00
127.00 107.50
127.50 108.00
128.00 108.50
128.00 109.00
128.50 109.50
128.50 110.00
128.50 110.50
129.00 111.00
129.00 111.50
129.00 112.00
129.50 112.50
129.50 113.00
129.50 113.50
129.50 114.00
130.00 114.50
130.00 115.00
130.00 115.50
130.00 116.00
130.00 116.50
130.00 117.00
130.00 117.50
130.50 118.00
130.50 118.50
130.50 119.00
130.50 119.50
130.50 120.00
130.50 120.50
130.50 121.00
130.50 121.50
130.50 122.00
131.00 122.50
131.00 123.00
131.00 123.50
130.50 124.00
130.50 124.50
130.50 125.00
130.50 125.50
130.50 126.00
130.50 126.50
130.50 127.00
130.00 127.50
130.00 128.00
130.00 128.50
129.50 129.00
129.50 129.50
129.00 130.00
128.50 130.50
128.50 131.00
128.00 131.50
127.50 132.00
127.00 132.50
126.50 133.00
126.00 133.00
125.50 133.50
125.00 134.00
124.50 134.00
124.00 134.00
123.50 134.00
123.00 133.50
122.50 133.50
122.00 133.50
121.50 133.50
121.00 133.50
120.50 133.00
120.00 133.00
119.50 132.50
119.00 132.50
118.50 132.50
118.00 132.00
117.50 131.50
117.00 131.50
116.50 131.50
116.00 131.00
115.50 130.50
115.00 130.00
114.50 130.00
114.00 129.50
113.50 129.00
113.00 128.50
113.00 128.00
112.50 127.50
112.00 127.00
112.00 126.50
112.00 126.00
112.00 125.50
112.00 125.00
112.00 124.50
112.00 124.00
112.00 123.50
112.00 123.00
112.00 122.50
112.00 122.00
112.50 121.50
112.50 121.00
112.50 120.50
112.50 120.00
113.00 119.50
112.50 119.00
112.50 118.50
113.00 118.00
113.00 117.50
113.00 117.00
113.00 116.50
113.00 116.00
113.00 115.50
113.00 115.00
113.50 114.50
113.50 114.00
113.50 113.50
113.50 113.00
113.50 112.50
114.00 112.00
114.00 111.50
114.00 111.00
114.50 110.50
114.50 110.00
114.50 109.50
114.50 109.00
