153.00 139.00
152.50 139.50
152.50 140.00
152.00 140.50
151.50 141.00
151.00 141.50
150.50 142.00
150.00 142.50
149.50 143.00
149.00 143.50
148.50 143.50
148.00 144.00
147.50 144.50
147.00 144.00
146.50 143.50
146.00 144.00
145.50 144.50
145.00 144.50
144.50 144.50
144.00 145.00
143.50 145.00
143.00 145.00
142.50 145.00
142.00 145.00
141.50 145.50
141.00 145.50
140.50 145.50
140.00 146.00
139.50 146.00
139.00 146.00
138.50 146.50
138.00 146.50
137.50 146.50
137.00 146.50
136.50 146.50
136.00 147.00
135.50 147.00
135.00 147.50
134.50 147.50
134.00 147.50
133.50 148.00
133.00 148.00
132.50 148.00
132.00 148.50
131.50 148.50
131.00 148.50
130.50 149.00
130.00 149.00
129.50 149.00
129.00 149.00
128.50 149.50
128.00 149.50
127.50 149.50
127.00 149.50
126.50 150.00
126.00 150.00
125.50 150.00
125.00 150.00
124.50 150.00
124.00 150.00
123.50 150.00
123.00 150.00
122.50 150.00
122.00 150.00
121.50 150.00
121.00 150.00
120.50 150.00
120.00 150.00
119.50 150.00
119.00 150.00
118.50 149.50
118.00 149.50
117.50 149.50
117.00 149.50
116.50 149.50
116.00 149.00
115.50 149.00
115.00 149.00
114.50 148.50
114.00 148.50
113.50 148.50
113.00 148.00
112.50 148.00
112.00 147.50
111.50 147.50
111.00 147.00
110.50 147.00
110.00 147.00
109.50 146.50
109.00 146.00
108.50 146.00
108.00 145.50
107.50 145.00
107.00 145.00
106.50 144.50
106.00 144.00
105.50 143.50
105.00 143.00
104.50 142.50
104.00 142.00
104.00 141.50
103.50 141.00
103.00 140.50
103.00 140.00
103.00 139.50
102.50 139.00
102.00 138.50
102.00 138.00
102.00 137.50
102.00 137.00
101.50 136.50
101.50 136.00
101.50 135.50
101.50 135.00
101.50 134.50
101.50 134.00
101.00 133.50
101.00 133.00
101.00 132.50
101.00 132.00
101.00 131.50
101.00 131.00
101.00 130.50
101.00 130.00
101.00 129.50
101.00 129.00
101.00 128.50
101.00 128.00
101.00 127.50
101.00 127.00
101.50 126.50
101.50 126.00
101.50 125.50
101.50 125.00
101.50 124.50
101.50 124.00
101.50 123.50
101.50 123.00
101.50 122.50
101.50 122.00
101.50 121.50
101.50 121.00
101.50 120.50
101.50 120.00
101.50 119.50
101.50 119.00
101.50 118.50
101.50 118.00
101.50 117.50
101.50 117.00
101.50 116.50
101.50 116.00
101.50 115.50
101.50 115.00
101.50 114.50
101.50 114.00
101.50 113.50
101.50 113.00
101.50 112.50
101.50 112.00
101.50 111.50
101.50 111.00
102.00 110.50
102.00 110.00
102.00 109.50
102.00 109.00
102.00 108.50
102.50 108.00
102.50 107.50
102.50 107.00
102.50 106.50
103.00 106.00
103.00 105.50
103.00 105.00
103.00 104.50
103.50 104.00
103.50 103.50
104.00 103.00
104.00 102.50
104.00 102.00
104.50 101.50
104.50 101.00
105.00 100.50
105.00 100.00
105.00 99.50
105.50 99.00
105.50 98.50
105.50 98.00
106.00 97.50
106.00 97.00
106.50 96.50
106.50 96.00
107.00 95.50
107.00 95.00
107.00 94.50
107.00 94.00
107.50 93.50
107.50 93.00
107.50 92.50
108.00 92.00
108.00 91.50
108.50 91.00
108.50 90.50
108.50 90.00
109.00 89.50
109.00 89.00
109.50 88.50
110.00 88.00
110.50 87.50
111.00 87.00
111.50 86.50
112.00 86.00
112.50 86.00
113.00 85.50
113.50 85.50
114.00 85.00
114.50 85.00
115.00 84.50
115.50 84.50
116.00 84.50
116.50 84.00
117.00 84.00
117.50 84.00
118.00 83.50
118.50 83.50
119.00 83.50
119.50 83.50
120.00 83.50
120.50 83.50
121.00 83.50
121.50 83.50
122.00 83.50
122.50 83.50
123.00 83.00
123.50 83.00
124.00 83.50
124.50 83.50
125.00 83.50
125.50 83.50
126.00 83.50
126.50 83.50
127.00 83.50
127.50 83.50
128.00 83.50
128.50 83.50
129.00 83.50
129.50 84.00
130.00 84.00
130.50 84.00
131.00 84.00
131.50 84.00
132.00 84.50
132.50 84.50
133.00 84.50
133.50 84.50
134.00 85.00
134.50 85.00
135.00 85.50
135.50 85.50
136.00 85.50
136.50 86.00
137.00 86.00
137.50 86.00
138.00 86.50
138.50 86.50
139.00 87.00
139.50 87.00
140.00 87.50
140.50 87.50
141.00 88.00
141.50 88.50
142.00 88.50
142.50 89.00
143.00 89.00
143.50 89.50
144.00 89.50
144.50 90.00
145.00 90.50
145.50 91.00
146.00 91.00
146.50 91.50
147.00 92.00
147.50 92.50
148.00 93.00
148.50 93.50
149.00 93.50
149.50 94.00
149.50 94.50
150.00 95.00
150.50 95.50
151.00 96.00
151.50 96.50
152.00 97.00
152.00 97.50
152.50 98.00
153.00 98.50
153.00 99.00
153.50 99.50
154.00 100.00
154.00 100.50
154.50 101.00
154.50 101.50
154.50 102.00
155.00 102.50
155.00 103.00
155.00 103.50
155.50 104.00
155.50 104.50
155.50 105.00
156.00 105.50
156.00 106.00
156.00 106.50
156.00 107.00
156.00 107.50
156.00 108.00
156.50 108.50
156.50 109.00
156.50 109.50
156.50 110.00
156.50 110.50
156.50 111.00
156.50 111.50
156.50 112.00
157.00 112.50
157.00 113.00
157.00 113.50
157.00 114.00
157.00 114.50
157.00 115.00
157.00 115.50
157.00 116.00
157.00 116.50
157.00 117.00
157.00 117.50
157.00 118.00
157.00 118.50
157.00 119.00
157.00 119.50
157.00 120.00
157.00 120.50
157.00 121.00
157.00 121.50
157.00 122.00
157.00 122.50
157.00 123.00
157.00 123.50
157.00 124.00
157.00 124.50
157.00 125.00
157.00 125.50
157.00 126.00
157.00 126.50
157.00 127.00
157.00 127.50
157.00 128.00
157.00 128.50
157.00 129.00
157.00 129.50
157.00 130.00
157.00 130.50
157.00 131.00
157.00 131.50
157.00 132.00
156.50 132.50
156.50 133.00
157.00 133.50
156.50 134.00
156.50 134.50
156.50 135.00
156.00 135.50
155.50 136.00
155.50 136.50
155.00 137.00
154.50 137.50
154.00 138.00
153.50 138.50
