106.50 96.50
107.00 96.00
107.50 95.50
108.00 95.00
108.50 94.50
108.50 94.00
109.00 93.50
109.50 93.50
110.00 93.00
110.50 92.50
111.00 92.00
111.50 91.50
112.00 91.00
112.50 91.00
113.00 90.50
113.50 90.00
114.00 89.50
114.50 89.00
115.00 89.00
115.50 88.50
116.00 88.00
116.50 87.50
117.00 87.00
117.50 87.00
118.00 86.50
118.50 86.00
119.00 86.00
119.50 85.50
120.00 85.50
120.50 85.50
121.00 85.50
121.50 85.00
122.00 85.00
122.50 85.00
123.00 85.00
123.50 85.00
124.00 85.00
124.50 85.00
125.00 85.00
125.50 85.00
126.00 85.00
126.50 85.00
127.00 85.00
127.50 85.00
128.00 85.00
128.50 85.00
129.00 85.00
129.50 85.00
130.00 85.00
130.50 85.50
131.00 85.50
131.50 85.50
132.00 85.50
132.50 86.00
133.00 86.00
133.50 86.00
134.00 86.50
134.50 86.50
135.00 86.50
135.50 86.50
136.00 87.00
136.50 87.00
137.00 87.50
137.50 87.50
138.00 87.50
138.50 88.00
139.00 88.00
139.50 88.50
140.00 88.50
140.50 89.00
141.00 89.50
141.50 89.50
142.00 90.00
142.50 90.00
143.00 90.50
143.50 90.50
144.00 91.00
144.50 91.50
145.00 92.00
145.50 92.00
146.00 92.50
146.50 93.00
147.00 93.50
147.50 94.00
148.00 94.50
148.50 95.00
149.00 95.00
149.50 95.50
150.00 96.00
150.00 96.50
150.50 97.00
151.00 97.50
151.50 97.50
152.00 98.00
152.00 98.50
152.50 99.00
153.00 99.50
153.50 100.00
153.50 100.50
154.00 101.00
154.50 101.50
154.50 102.00
155.00 102.50
155.50 103.00
155.50 103.50
156.00 104.00
156.50 104.50
156.50 105.00
157.00 105.50
157.00 106.00
157.00 106.50
157.50 107.00
157.50 107.50
158.00 108.00
158.00 108.50
158.00 109.00
158.50 109.50
158.50 110.00
159.00 110.50
159.00 111.00
159.00 111.50
159.50 112.00
159.50 112.50
159.50 113.00
159.50 113.50
159.50 114.00
159.50 114.50
160.00 115.00
160.00 115.50
160.00 116.00
160.00 116.50
160.00 117.00
160.00 117.50
160.00 118.00
160.00 118.50
160.00 119.00
160.00 119.50
160.00 120.00
160.00 120.50
160.00 121.00
159.50 121.50
159.50 122.00
159.50 122.50
159.50 123.00
159.50 123.50
159.00 124.00
159.00 124.50
159.00 125.00
159.00 125.50
158.50 126.00
158.50 126.50
158.00 127.00
158.00 127.50
158.00 128.00
157.50 128.50
157.50 129.00
157.00 129.50
157.00 130.00
156.50 130.50
156.50 131.00
156.00 131.50
155.50 132.00
155.00 132.50
155.00 133.00
154.50 133.50
154.00 134.00
153.50 134.50
153.00 135.00
152.50 135.50
152.50 136.00
152.00 136.50
151.50 137.00
151.00 137.00
150.50 137.50
150.00 138.00
149.50 138.50
149.00 139.00
148.50 139.00
148.00 139.50
147.50 139.50
147.00 140.00
146.50 140.50
146.00 141.00
145.50 141.00
145.00 141.50
144.50 142.00
144.00 142.00
143.50 142.50
143.00 142.50
142.50 143.00
142.00 143.50
141.50 143.50
141.00 144.00
140.50 144.50
140.00 144.50
139.50 145.00
139.00 145.00
138.50 145.00
138.00 145.50
137.50 146.00
137.00 146.00
136.50 146.50
136.00 146.50
135.50 146.50
135.00 147.00
134.50 147.00
134.00 147.00
133.50 147.00
133.00 147.50
132.50 147.50
132.00 147.50
131.50 147.50
131.00 147.50
130.50 147.50
130.00 147.50
129.50 147.50
129.00 148.00
128.50 148.00
128.00 147.50
127.50 147.50
127.00 147.50
126.50 147.50
126.00 147.50
125.50 147.50
125.00 147.50
124.50 147.50
124.00 147.50
123.50 147.00
123.00 147.00
122.50 147.00
122.00 146.50
121.50 146.50
121.00 146.50
120.50 146.50
120.00 146.00
119.50 146.00
119.00 146.00
118.50 145.50
118.00 145.50
117.50 145.00
117.00 145.00
116.50 145.00
116.00 144.50
115.50 144.00
115.00 144.00
114.50 143.50
114.00 143.50
113.50 143.00
113.00 142.50
112.50 142.50
112.00 142.00
111.50 141.50
111.00 141.00
110.50 141.00
110.00 140.50
109.50 140.00
109.00 139.50
108.50 139.00
108.00 138.50
107.50 138.00
107.00 137.50
106.50 137.00
106.00 136.50
106.00 136.00
105.50 135.50
105.00 135.00
105.00 134.50
104.50 134.00
104.50 133.50
104.00 133.00
104.00 132.50
103.50 132.00
103.50 131.50
103.00 131.00
102.50 130.50
102.50 130.00
102.50 129.50
102.00 129.00
102.00 128.50
102.00 128.00
101.50 127.50
101.50 127.00
101.50 126.50
101.50 126.00
101.50 125.50
101.00 125.00
101.00 124.50
101.00 124.00
101.00 123.50
101.00 123.00
101.00 122.50
101.00 122.00
101.00 121.50
101.00 121.00
101.00 120.50
101.00 120.00
101.00 119.50
101.00 119.00
101.00 118.50
101.00 118.00
101.00 117.50
101.00 117.00
101.00 116.50
101.50 116.00
101.50 115.50
101.50 115.00
101.50 114.50
101.50 114.00
102.00 113.50
102.00 113.00
102.00 112.50
102.00 112.00
102.00 111.50
102.50 111.00
102.50 110.50
102.50 110.00
102.50 109.50
102.50 109.00
103.00 108.50
103.00 108.00
103.00 107.50
103.00 107.00
103.00 106.50
103.50 106.00
103.50 105.50
103.50 105.00
103.50 104.50
103.50 104.00
104.00 103.50
104.00 103.00
104.00 102.50
104.00 102.00
104.00 101.50
104.50 101.00
104.50 100.50
105.00 100.00
105.00 99.50
105.00 99.00
105.50 98.50
105.50 98.00
106.00 97.50
106.00 97.00
