105.00 103.50
105.00 103.00
105.50 102.50
105.50 102.00
106.00 101.50
106.00 101.00
106.50 100.50
106.50 100.00
107.00 99.50
107.00 99.00
107.50 98.50
107.50 98.00
108.00 97.50
108.50 97.00
108.50 96.50
109.00 96.00
109.00 95.50
109.50 95.00
110.00 94.50
110.50 94.00
111.00 93.50
111.50 93.00
111.50 92.50
112.00 92.00
112.50 92.00
113.00 91.50
113.50 91.00
114.00 90.50
114.50 90.00
115.00 90.00
115.50 89.50
116.00 89.50
116.50 89.00
117.00 88.50
117.50 88.50
118.00 88.00
118.50 88.00
119.00 88.00
119.50 87.50
120.00 87.50
120.50 87.00
121.00 87.00
121.50 87.00
122.00 87.00
122.50 86.50
123.00 86.50
123.50 86.50
124.00 86.50
124.50 86.50
125.00 86.50
125.50 86.00
126.00 86.00
126.50 86.00
127.00 86.00
127.50 86.00
128.00 86.00
128.50 86.00
129.00 86.00
129.50 86.00
130.00 86.00
130.50 86.00
131.00 86.00
131.50 86.00
132.00 86.00
132.50 86.00
133.00 86.00
133.50 86.00
134.00 86.00
134.50 86.50
135.00 86.50
135.50 86.50
136.00 86.50
136.50 86.50
137.00 86.50
137.50 87.00
138.00 87.00
138.50 87.00
139.00 87.00
139.50 87.50
140.00 87.50
140.50 87.50
141.00 88.00
141.50 88.00
142.00 88.50
142.50 88.50
143.00 88.50
143.50 89.00
144.00 89.00
144.50 89.50
145.00 90.00
145.50 90.00
146.00 90.50
146.50 91.00
147.00 91.50
147.50 92.00
148.00 92.00
148.50 92.50
148.50 93.00
149.00 93.50
149.50 94.00
150.00 94.50
150.50 95.00
150.50 95.50
151.00 96.00
151.50 96.50
151.50 97.00
152.00 97.50
152.00 98.00
152.50 98.50
152.50 99.00
153.00 99.50
153.00 100.00
153.50 100.50
153.50 101.00
154.00 101.50
154.00 102.00
154.50 102.50
154.50 103.00
155.00 103.50
155.00 104.00
155.50 104.50
155.50 105.00
155.50 105.50
156.00 106.00
156.00 106.50
156.50 107.00
156.50 107.50
156.50 108.00
157.00 108.50
157.00 109.00
157.00 109.50
157.50 110.00
157.50 110.50
157.50 111.00
158.00 111.50
158.00 112.00
158.00 112.50
158.00 113.00
158.50 113.50
158.50 114.00
158.50 114.50
158.50 115.00
158.50 115.50
159.00 116.00
159.00 116.50
159.00 117.00
159.00 117.50
159.00 118.00
159.00 118.50
159.00 119.00
159.00 119.50
159.00 120.00
159.00 120.50
159.00 121.00
159.00 121.50
159.00 122.00
159.00 122.50
159.00 123.00
158.50 123.50
158.50 124.00
158.50 124.50
158.50 125.00
158.50 125.50
158.50 126.00
158.00 126.50
158.00 127.00
158.00 127.50
158.00 128.00
157.50 128.50
157.50 129.00
157.00 129.50
157.00 130.00
157.00 130.50
156.50 131.00
156.50 131.50
156.50 132.00
156.00 132.50
156.00 133.00
155.50 133.50
155.50 134.00
155.50 134.50
155.00 135.00
155.00 135.50
154.50 136.00
154.00 136.50
154.00 137.00
153.50 137.50
153.50 138.00
153.00 138.50
153.00 139.00
152.50 139.50
152.00 140.00
152.00 140.50
151.50 141.00
151.00 141.50
150.50 142.00
150.00 142.50
150.00 143.00
149.50 143.50
149.00 144.00
148.50 144.50
148.00 145.00
147.50 145.50
147.00 146.00
146.50 146.00
146.00 146.50
145.50 147.00
145.00 147.00
144.50 147.50
144.00 148.00
143.50 148.00
143.00 148.50
142.50 148.50
142.00 149.00
141.50 149.00
141.00 149.50
140.50 149.50
140.00 149.50
139.50 150.00
139.00 150.00
138.50 150.00
138.00 150.50
137.50 150.50
137.00 150.50
136.50 151.00
136.00 151.00
135.50 151.00
135.00 151.00
134.50 151.50
134.00 151.50
133.50 151.50
133.00 151.50
132.50 151.50
132.00 151.50
131.50 152.00
131.00 152.00
130.50 152.00
130.00 152.00
129.50 152.00
129.00 152.00
128.50 152.00
128.00 152.00
127.50 152.50
127.00 152.50
126.50 152.50
126.00 152.50
125.50 152.50
125.00 152.50
124.50 152.50
124.00 152.50
123.50 152.50
123.00 152.50
122.50 152.50
122.00 152.50
121.50 152.50
121.00 152.50
120.50 152.50
120.00 152.50
119.50 152.50
119.00 152.50
118.50 152.00
118.00 152.00
117.50 152.00
117.00 152.00
116.50 151.50
116.00 151.50
115.50 151.50
115.00 151.50
114.50 151.00
114.00 151.00
113.50 151.00
113.00 150.50
112.50 150.50
112.00 150.00
111.50 150.00
111.00 149.50
110.50 149.50
110.00 149.00
109.50 149.00
109.00 148.50
108.50 148.00
108.00 148.00
107.50 147.50
107.00 147.00
106.50 146.50
106.00 146.00
105.50 145.50
105.00 145.00
104.50 144.50
104.50 144.00
104.00 143.50
104.00 143.00
103.50 142.50
103.00 142.00
103.00 141.50
103.00 141.00
102.50 140.50
102.50 140.00
102.00 139.50
102.00 139.00
102.00 138.50
102.00 138.00
101.50 137.50
101.50 137.00
101.50 136.50
101.50 136.00
101.50 135.50
101.50 135.00
101.00 134.50
101.00 134.00
101.00 133.50
101.00 133.00
101.00 132.50
101.00 132.00
101.00 131.50
101.00 131.00
101.00 130.50
101.00 130.00
101.00 129.50
101.00 129.00
101.00 128.50
101.00 128.00
101.00 127.50
101.00 127.00
101.00 126.50
101.00 126.00
101.00 125.50
101.00 125.00
101.00 124.50
101.00 124.00
101.00 123.50
101.00 123.00
101.00 122.50
101.50 122.00
101.50 121.50
101.50 121.00
101.50 120.50
101.50 120.00
101.50 119.50
101.50 119.00
101.50 118.50
101.50 118.00
101.50 117.50
102.00 117.00
102.00 116.50
102.00 116.00
102.00 115.50
102.00 115.00
102.00 114.50
102.00 114.00
102.50 113.50
102.50 113.00
102.50 112.50
102.50 112.00
102.50 111.50
103.00 111.00
103.00 110.50
103.00 110.00
103.00 109.50
103.00 109.00
103.50 108.50
103.50 108.00
103.50 107.50
103.50 107.00
104.00 106.50
104.00 106.00
104.00 105.50
104.50 105.00
104.50 104.50
104.50 104.00
