134.00 117.50
134.00 118.00
134.00 118.50
134.50 119.00
134.50 119.50
134.50 120.00
134.50 120.50
135.00 121.00
135.00 121.50
135.00 122.00
135.00 122.50
134.50 123.00
134.50 123.50
134.00 124.00
133.50 124.50
133.00 125.00
132.50 125.00
132.00 125.50
131.50 125.50
131.00 126.00
130.50 126.00
130.00 126.00
129.50 126.00
129.00 126.50
128.50 127.00
128.00 127.00
127.50 127.00
127.00 127.00
126.50 127.00
126.00 127.00
125.50 127.00
125.00 127.00
124.50 127.00
124.00 127.00
123.50 127.00
123.00 127.00
122.50 127.00
122.00 127.00
121.50 126.50
121.00 126.50
120.50 126.00
120.00 126.00
119.50 125.50
119.00 125.50
118.50 125.00
118.00 124.50
117.50 124.00
117.00 123.50
117.00 123.00
116.50 122.50
116.50 122.00
116.50 121.50
116.00 121.00
116.00 120.50
116.00 120.00
115.50 119.50
115.50 119.00
115.50 118.50
115.50 118.00
115.50 117.50
115.50 117.00
115.50 116.50
115.50 116.00
115.50 115.50
115.50 115.00
115.50 114.50
115.50 114.00
115.50 113.50
115.50 113.00
115.50 112.50
115.50 112.00
115.50 111.50
115.50 111.00
115.50 110.50
116.00 110.00
116.00 109.50
116.00 109.00
116.00 108.50
116.00 108.00
116.50 107.50
116.50 107.00
116.50 106.50
117.00 106.00
117.50 105.50
118.00 105.00
118.50 104.50
119.00 104.00
119.50 104.00
120.00 104.00
120.50 103.50
121.00 103.50
121.50 103.50
122.00 103.50
122.50 103.50
123.00 103.50
123.50 103.50
124.00 103.50
124.50 103.50
125.00 103.50
125.50 103.50
126.00 104.00
126.50 104.00
127.00 104.00
127.50 104.50
128.00 104.50
128.50 105.00
129.00 105.00
129.50 105.50
130.00 105.50
130.50 106.00
131.00 106.50
131.50 107.00
132.00 107.50
132.00 108.00
132.50 108.50
133.00 109.00
133.00 109.50
133.00 110.00
133.00 110.50
133.50 111.00
133.50 111.50
133.50 112.00
133.50 112.50
133.50 113.00
133.50 113.50
133.50 114.00
133.50 114.50
133.50 115.00
133.50 115.50
133.50 116.00
134.00 116.50
134.00 117.00
