111.00 98.00
111.50 98.00
112.00 97.50
112.50 97.00
113.00 97.00
113.50 97.00
114.00 96.50
114.50 96.50
115.00 96.50
115.50 96.00
116.00 96.00
116.50 95.50
117.00 95.50
117.50 95.50
118.00 95.00
118.50 95.00
119.00 94.50
119.50 94.50
120.00 94.50
120.50 94.50
121.00 94.00
121.50 94.00
122.00 94.00
122.50 93.50
123.00 93.50
123.50 93.50
124.00 93.00
124.50 93.00
125.00 93.00
125.50 93.00
126.00 93.00
126.50 92.50
127.00 92.50
127.50 92.50
128.00 92.50
128.50 92.00
129.00 92.00
129.50 92.00
130.00 92.00
130.50 92.00
131.00 91.50
131.50 91.50
132.00 91.50
132.50 91.50
133.00 91.50
133.50 91.50
134.00 91.50
134.50 91.50
135.00 91.50
135.50 91.50
136.00 91.50
136.50 91.50
137.00 91.50
137.50 91.50
138.00 91.50
138.50 91.50
139.00 91.50
139.50 92.00
140.00 92.00
140.50 92.00
141.00 92.00
141.50 92.50
142.00 92.50
142.50 93.00
143.00 93.00
143.50 93.00
144.00 93.50
144.50 94.00
145.00 94.00
145.50 94.50
146.00 95.00
146.50 95.50
147.00 95.50
147.50 96.00
148.00 96.50
148.50 97.00
149.00 97.50
149.50 98.00
149.50 98.50
150.00 99.00
150.50 99.50
151.00 100.00
151.50 100.50
151.50 101.00
152.00 101.50
152.50 102.00
152.50 102.50
153.00 103.00
153.50 103.50
153.50 104.00
154.00 104.50
154.00 105.00
154.50 105.50
154.50 106.00
155.00 106.50
155.00 107.00
155.00 107.50
155.50 108.00
155.50 108.50
156.00 109.00
156.00 109.50
156.00 110.00
156.50 110.50
156.50 111.00
156.50 111.50
156.50 112.00
157.00 112.50
157.00 113.00
157.00 113.50
157.00 114.00
157.00 114.50
157.50 115.00
157.50 115.50
157.50 116.00
157.50 116.50
157.50 117.00
157.50 117.50
157.50 118.00
157.50 118.50
157.50 119.00
157.50 119.50
157.50 120.00
157.50 120.50
157.50 121.00
157.50 121.50
157.50 122.00
157.00 122.50
157.00 123.00
157.00 123.50
157.00 124.00
157.00 124.50
156.50 125.00
156.50 125.50
156.50 126.00
156.50 126.50
156.50 127.00
156.00 127.50
156.00 128.00
156.00 128.50
155.50 129.00
155.50 129.50
155.00 130.00
155.00 130.50
155.00 131.00
154.50 131.50
154.50 132.00
154.00 132.50
154.00 133.00
153.50 133.50
153.50 134.00
153.00 134.50
153.00 135.00
152.50 135.50
152.50 136.00
152.00 136.50
151.50 137.00
151.50 137.50
151.00 138.00
150.50 138.50
150.50 139.00
150.00 139.50
149.50 140.00
149.00 140.50
149.00 141.00
148.50 141.50
148.00 142.00
147.50 142.50
147.00 143.00
146.50 143.50
146.00 144.00
145.50 144.50
145.00 145.00
144.50 145.50
144.00 146.00
143.50 146.50
143.00 146.50
142.50 147.00
142.00 147.50
141.50 147.50
141.00 148.00
140.50 148.50
140.00 148.50
139.50 149.00
139.00 149.00
138.50 149.50
138.00 149.50
137.50 150.00
137.00 150.00
136.50 150.00
136.00 150.50
135.50 150.50
135.00 150.50
134.50 151.00
134.00 151.00
133.50 151.50
133.00 151.50
132.50 151.50
132.00 151.50
131.50 152.00
131.00 152.00
130.50 152.00
130.00 152.50
129.50 152.50
129.00 152.50
128.50 152.50
128.00 152.50
127.50 153.00
127.00 153.00
126.50 153.00
126.00 153.00
125.50 153.00
125.00 153.00
124.50 153.50
124.00 153.50
123.50 153.50
123.00 153.50
122.50 153.50
122.00 153.50
121.50 153.50
121.00 153.50
120.50 153.50
120.00 153.50
119.50 153.50
119.00 153.50
118.50 153.50
118.00 153.50
117.50 153.00
117.00 153.00
116.50 153.00
116.00 153.00
115.50 153.00
115.00 152.50
114.50 152.50
114.00 152.50
113.50 152.00
113.00 152.00
112.50 152.00
112.00 151.50
111.50 151.00
111.00 151.00
110.50 151.00
110.00 150.50
109.50 150.50
109.00 150.00
108.50 149.50
108.00 149.00
107.50 148.50
107.00 148.00
106.50 148.00
106.00 147.50
105.50 147.00
105.50 146.50
105.00 146.00
104.50 145.50
104.00 145.00
104.00 144.50
103.50 144.00
103.50 143.50
103.00 143.00
103.00 142.50
103.00 142.00
102.50 141.50
102.50 141.00
102.00 140.50
102.00 140.00
102.00 139.50
102.00 139.00
101.50 138.50
101.50 138.00
101.50 137.50
101.50 137.00
101.50 136.50
101.00 136.00
101.00 135.50
101.00 135.00
101.00 134.50
101.00 134.00
101.00 133.50
100.50 133.00
100.50 132.50
100.50 132.00
100.50 131.50
100.50 131.00
100.50 130.50
100.50 130.00
100.50 129.50
100.50 129.00
100.00 128.50
100.00 128.00
100.00 127.50
100.00 127.00
100.00 126.50
100.00 126.00
100.00 125.50
100.00 125.00
100.00 124.50
99.50 124.00
99.50 123.50
99.50 123.00
99.50 122.50
99.50 122.00
99.50 121.50
99.50 121.00
99.50 120.50
99.50 120.00
99.50 119.50
99.50 119.00
99.50 118.50
99.50 118.00
99.50 117.50
99.50 117.00
99.50 116.50
99.50 116.00
99.50 115.50
99.50 115.00
99.50 114.50
99.50 114.00
99.50 113.50
100.00 113.00
100.00 112.50
100.00 112.00
100.00 111.50
100.00 111.00
100.00 110.50
100.50 110.00
100.50 109.50
100.50 109.00
100.50 108.50
101.00 108.00
101.00 107.50
101.50 107.00
101.50 106.50
102.00 106.00
102.00 105.50
102.50 105.00
102.50 104.50
103.00 104.00
103.50 103.50
104.00 103.00
104.00 102.50
104.50 102.00
105.00 102.00
105.50 101.50
106.00 101.00
106.50 100.50
107.00 100.00
107.50 100.00
108.00 99.50
108.50 99.00
109.00 99.00
109.50 99.00
110.00 98.50
110.50 98.50
