130.00 135.50
129.50 135.50
129.00 135.50
128.50 135.50
128.00 135.50
127.50 136.00
127.00 136.00
126.50 136.00
126.00 136.00
125.50 136.00
125.00 136.00
124.50 136.00
124.00 136.50
123.50 136.50
123.00 136.50
122.50 136.50
122.00 136.00
121.50 136.00
121.00 136.00
120.50 136.00
120.00 136.00
119.50 136.00
119.00 135.50
118.50 135.50
118.00 135.00
117.50 135.00
117.00 135.00
116.50 134.50
116.00 134.00
115.50 134.00
115.00 133.50
114.50 133.00
114.00 133.00
113.50 133.50
113.00 133.50
112.50 133.00
112.00 132.50
112.00 132.00
111.50 131.50
111.00 131.00
110.50 130.50
110.00 130.00
109.50 129.50
109.00 130.00
108.50 129.50
108.00 129.00
107.50 128.50
107.50 128.00
107.00 127.50
107.00 127.00
107.00 126.50
106.50 126.00
106.50 125.50
106.50 125.00
106.50 124.50
106.50 124.00
106.50 123.50
106.50 123.00
106.50 122.50
106.50 122.00
106.50 121.50
106.50 121.00
106.50 120.50
106.50 120.00
106.50 119.50
106.50 119.00
107.00 118.50
107.00 118.00
107.00 117.50
107.50 117.00
107.50 116.50
107.00 116.00
107.00 115.50
107.50 115.00
108.00 114.50
108.00 114.00
108.00 113.50
108.50 113.00
109.00 112.50
109.50 112.00
109.50 111.50
109.50 111.00
110.00 110.50
110.00 110.00
110.50 109.50
110.50 109.00
111.00 108.50
111.00 108.00
111.50 107.50
112.00 107.00
112.50 106.50
113.00 106.00
113.50 105.50
114.00 106.00
114.50 105.50
115.00 105.00
115.50 104.50
116.00 104.50
116.50 104.00
117.00 104.00
117.50 103.50
118.00 103.50
118.50 103.50
119.00 103.50
119.50 103.50
120.00 103.00
120.50 103.00
121.00 103.00
121.50 103.00
122.00 103.00
122.50 102.50
123.00 102.50
123.50 102.50
124.00 102.50
124.50 102.50
125.00 102.50
125.50 102.50
126.00 102.50
126.50 102.50
127.00 102.50
127.50 102.50
128.00 103.00
128.50 103.00
129.00 103.00
129.50 103.00
130.00 103.50
130.50 103.50
131.00 103.50
131.50 104.00
132.00 104.50
132.50 105.00
133.00 105.50
133.00 106.00
133.50 106.50
134.00 107.00
134.00 107.50
134.00 108.00
134.50 108.50
134.50 109.00
134.50 109.50
134.50 110.00
135.00 110.50
135.00 111.00
135.00 111.50
135.00 112.00
135.00 112.50
135.50 113.00
135.50 113.50
135.50 114.00
135.50 114.50
135.50 115.00
136.00 115.50
136.00 116.00
136.00 116.50
136.00 117.00
136.00 117.50
136.00 118.00
136.50 118.50
136.50 119.00
136.50 119.50
136.50 120.00
136.50 120.50
136.50 121.00
136.50 121.50
136.50 122.00
136.50 122.50
136.50 123.00
136.50 123.50
136.50 124.00
136.50 124.50
136.50 125.00
136.50 125.50
136.50 126.00
136.50 126.50
136.00 127.00
136.00 127.50
136.00 128.00
136.00 128.50
136.00 129.00
135.50 129.50
135.50 130.00
135.00 130.50
134.50 131.00
134.50 131.50
134.00 132.00
133.50 132.50
133.00 133.00
132.50 133.50
132.00 134.00
131.50 134.00
131.00 134.50
130.50 135.00
