103.50 108.50
104.00 108.00
104.00 107.50
104.50 107.00
104.50 106.50
104.50 106.00
105.00 105.50
105.50 105.00
105.50 104.50
106.00 104.00
106.50 103.50
107.00 103.00
107.00 102.50
107.50 102.00
108.00 101.50
108.00 101.00
108.50 100.50
108.50 100.00
109.00 99.50
109.50 99.00
109.50 98.50
110.00 98.00
110.00 97.50
110.00 97.00
110.50 96.50
110.50 96.00
111.00 95.50
111.00 95.00
111.50 94.50
112.00 94.00
112.00 93.50
112.50 93.00
113.00 92.50
113.00 92.00
113.50 91.50
114.00 91.00
114.50 90.50
115.00 90.50
115.50 90.00
116.00 89.50
116.50 89.50
117.00 89.00
117.50 89.00
118.00 89.00
118.50 88.50
119.00 88.50
119.50 88.50
120.00 88.50
120.50 88.50
121.00 88.00
121.50 88.00
122.00 88.00
122.50 88.00
123.00 88.00
123.50 88.00
124.00 88.00
124.50 88.00
125.00 88.00
125.50 88.00
126.00 88.00
126.50 88.00
127.00 88.00
127.50 88.00
128.00 88.00
128.50 88.50
129.00 88.50
129.50 88.50
130.00 88.50
130.50 88.50
131.00 88.50
131.50 89.00
132.00 89.00
132.50 89.00
133.00 89.50
133.50 89.50
134.00 89.50
134.50 89.50
135.00 90.00
135.50 90.00
136.00 90.00
136.50 90.50
137.00 90.50
137.50 90.50
138.00 91.00
138.50 91.00
139.00 91.50
139.50 91.50
140.00 92.00
140.50 92.00
141.00 92.00
141.50 92.50
142.00 93.00
142.50 93.00
143.00 93.50
143.50 94.00
144.00 94.00
144.50 94.50
145.00 95.00
145.50 95.50
146.00 95.50
146.50 96.00
147.00 96.50
147.00 97.00
147.50 97.50
148.00 98.00
148.50 98.50
149.00 99.00
149.50 99.50
150.00 100.00
150.00 100.50
150.50 101.00
151.00 101.50
151.00 102.00
151.50 102.50
151.50 103.00
152.00 103.50
152.00 104.00
152.50 104.50
153.00 105.00
153.00 105.50
153.00 106.00
153.50 106.50
153.50 107.00
154.00 107.50
154.00 108.00
154.50 108.50
154.50 109.00
154.50 109.50
155.00 110.00
155.00 110.50
155.50 111.00
155.50 111.50
155.50 112.00
155.50 112.50
155.50 113.00
156.00 113.50
156.00 114.00
156.00 114.50
156.00 115.00
156.00 115.50
156.00 116.00
156.00 116.50
156.00 117.00
156.00 117.50
156.00 118.00
156.00 118.50
156.00 119.00
156.00 119.50
155.50 120.00
155.50 120.50
155.50 121.00
155.00 121.50
155.00 122.00
154.50 122.50
154.50 123.00
154.50 123.50
154.00 124.00
154.00 124.50
153.50 125.00
153.00 125.50
153.00 126.00
152.50 126.50
152.50 127.00
152.00 127.50
151.50 128.00
151.50 128.50
151.00 129.00
151.00 129.50
150.50 130.00
150.00 130.50
150.00 131.00
149.50 131.50
149.50 132.00
149.00 132.50
149.00 133.00
149.00 133.50
148.50 134.00
148.00 134.50
148.00 135.00
148.00 135.50
147.50 136.00
147.00 136.50
147.00 137.00
147.00 137.50
146.50 138.00
146.00 138.50
146.00 139.00
145.50 139.50
145.00 140.00
144.50 140.50
144.00 140.50
143.50 141.00
143.00 141.00
142.50 141.50
142.00 141.50
141.50 141.50
141.00 141.50
140.50 141.50
140.00 141.50
139.50 141.50
139.00 141.50
138.50 141.50
138.00 141.50
137.50 141.50
137.00 141.50
136.50 141.50
136.00 141.50
135.50 141.50
135.00 141.50
134.50 141.50
134.00 141.50
133.50 141.50
133.00 141.50
132.50 141.50
132.00 141.50
131.50 141.50
131.00 142.00
130.50 142.00
130.00 142.00
129.50 142.00
129.00 142.50
128.50 142.50
128.00 142.50
127.50 143.00
127.00 143.00
126.50 143.00
126.00 143.00
125.50 143.00
125.00 143.00
124.50 143.00
124.00 143.00
123.50 143.00
123.00 143.00
122.50 143.00
122.00 142.50
121.50 142.50
121.00 142.00
120.50 142.00
120.00 141.50
119.50 141.50
119.00 141.00
118.50 141.00
118.00 140.50
117.50 140.50
117.00 140.00
116.50 140.00
116.00 140.00
115.50 140.00
115.00 140.00
114.50 140.00
114.00 140.00
113.50 139.50
113.00 139.50
112.50 139.50
112.00 139.50
111.50 139.50
111.00 139.00
110.50 139.00
110.00 138.50
109.50 138.00
109.00 137.50
108.50 137.00
108.00 136.50
108.00 136.00
107.50 135.50
107.00 135.00
107.00 134.50
106.50 134.00
106.50 133.50
106.00 133.00
106.00 132.50
105.50 132.00
105.50 131.50
105.00 131.00
105.00 130.50
104.50 130.00
104.50 129.50
104.50 129.00
104.00 128.50
104.00 128.00
104.00 127.50
103.50 127.00
103.50 126.50
103.50 126.00
103.50 125.50
103.00 125.00
103.00 124.50
103.00 124.00
103.00 123.50
103.00 123.00
103.00 122.50
102.50 122.00
102.50 121.50
102.50 121.00
102.50 120.50
102.50 120.00
102.50 119.50
102.50 119.00
102.50 118.50
102.50 118.00
102.50 117.50
102.00 117.00
102.00 116.50
102.00 116.00
102.00 115.50
102.00 115.00
102.50 114.50
102.50 114.00
102.50 113.50
102.50 113.00
102.50 112.50
102.50 112.00
102.50 111.50
102.50 111.00
103.00 110.50
103.00 110.00
103.00 109.50
103.00 109.00
