110.50 97.00
110.50 96.50
111.00 96.00
111.00 95.50
111.00 95.00
111.50 94.50
111.50 94.00
111.50 93.50
111.50 93.00
112.00 92.50
112.00 92.00
112.00 91.50
112.50 91.00
112.50 90.50
112.50 90.00
113.00 89.50
113.00 89.00
113.50 88.50
113.50 88.00
114.00 87.50
114.00 87.00
114.50 86.50
115.00 86.00
115.50 85.50
116.00 85.00
116.50 84.50
117.00 84.50
117.50 84.00
118.00 83.50
118.50 83.00
119.00 83.00
119.50 82.50
120.00 82.50
120.50 82.00
121.00 82.00
121.50 82.00
122.00 81.50
122.50 81.50
123.00 81.50
123.50 81.50
124.00 81.50
124.50 81.50
125.00 81.50
125.50 81.50
126.00 81.50
126.50 81.50
127.00 81.50
127.50 81.50
128.00 81.50
128.50 81.50
129.00 81.50
129.50 81.50
130.00 81.50
130.50 82.00
131.00 82.00
131.50 82.00
132.00 82.50
132.50 82.50
133.00 82.50
133.50 83.00
134.00 83.00
134.50 83.00
135.00 83.50
135.50 83.50
136.00 84.00
136.50 84.00
137.00 84.00
137.50 84.50
138.00 85.00
138.50 85.00
139.00 85.00
139.50 85.50
140.00 86.00
140.50 86.00
141.00 86.50
141.50 87.00
142.00 87.00
142.50 87.50
143.00 88.00
143.50 88.00
144.00 88.50
144.50 89.00
145.00 89.00
145.50 89.50
146.00 90.00
146.50 90.50
147.00 91.00
147.50 91.50
148.00 92.00
148.50 92.50
149.00 93.00
149.50 93.50
150.00 94.00
150.50 94.50
150.50 95.00
151.00 95.50
151.50 96.00
151.50 96.50
152.00 97.00
152.50 97.50
152.50 98.00
153.00 98.50
153.50 99.00
153.50 99.50
154.00 100.00
154.00 100.50
154.50 101.00
154.50 101.50
155.00 102.00
155.00 102.50
155.50 103.00
155.50 103.50
156.00 104.00
156.00 104.50
156.50 105.00
156.50 105.50
156.50 106.00
157.00 106.50
157.00 107.00
157.00 107.50
157.50 108.00
157.50 108.50
158.00 109.00
158.00 109.50
158.00 110.00
158.00 110.50
158.50 111.00
158.50 111.50
158.50 112.00
159.00 112.50
159.00 113.00
159.00 113.50
159.00 114.00
159.50 114.50
159.50 115.00
159.50 115.50
159.50 116.00
159.50 116.50
159.50 117.00
160.00 117.50
160.00 118.00
160.00 118.50
160.00 119.00
160.00 119.50
160.00 120.00
160.00 120.50
160.00 121.00
160.00 121.50
160.00 122.00
160.00 122.50
160.00 123.00
160.00 123.50
160.00 124.00
160.00 124.50
160.00 125.00
160.00 125.50
160.00 126.00
160.00 126.50
160.00 127.00
160.00 127.50
159.50 128.00
159.50 128.50
159.50 129.00
159.50 129.50
159.00 130.00
159.00 130.50
159.00 131.00
158.50 131.50
158.50 132.00
158.00 132.50
158.00 133.00
157.50 133.50
157.00 134.00
157.00 134.50
156.50 135.00
156.50 135.50
156.00 136.00
156.00 136.50
155.50 137.00
155.00 137.50
154.50 138.00
154.00 138.50
153.50 139.00
153.00 139.50
152.50 140.00
152.00 140.50
151.50 141.00
151.00 141.50
150.50 142.00
150.00 142.50
149.50 143.00
149.00 143.00
148.50 143.50
148.00 144.00
147.50 144.00
147.00 144.50
146.50 145.00
146.00 145.50
145.50 145.50
145.00 146.00
144.50 146.50
144.00 146.50
143.50 147.00
143.00 147.00
142.50 147.50
142.00 148.00
141.50 148.00
141.00 148.00
140.50 148.50
140.00 148.50
139.50 149.00
139.00 149.00
138.50 149.00
138.00 149.50
137.50 149.50
137.00 149.50
136.50 149.50
136.00 150.00
135.50 150.00
135.00 150.00
134.50 150.00
134.00 150.00
133.50 150.50
133.00 150.50
132.50 150.50
132.00 150.50
131.50 150.50
131.00 150.50
130.50 150.50
130.00 150.50
129.50 150.50
129.00 150.50
128.50 150.50
128.00 150.50
127.50 150.50
127.00 150.50
126.50 150.50
126.00 150.50
125.50 150.50
125.00 150.50
124.50 150.50
124.00 150.50
123.50 150.50
123.00 150.50
122.50 150.50
122.00 150.50
121.50 150.50
121.00 150.50
120.50 150.50
120.00 150.50
119.50 150.50
119.00 150.00
118.50 150.00
118.00 150.00
117.50 150.00
117.00 150.00
116.50 150.00
116.00 150.00
115.50 149.50
115.00 149.50
114.50 149.50
114.00 149.50
113.50 149.00
113.00 149.00
112.50 149.00
112.00 148.50
111.50 148.50
111.00 148.00
110.50 148.00
110.00 147.50
109.50 147.50
109.00 147.00
108.50 146.50
108.00 146.50
107.50 146.00
107.00 145.50
106.50 145.00
106.00 144.50
105.50 144.00
105.00 143.50
104.50 143.00
104.50 142.50
104.00 142.00
104.00 141.50
103.50 141.00
103.00 140.50
103.00 140.00
103.00 139.50
103.00 139.00
102.50 138.50
102.50 138.00
102.50 137.50
102.50 137.00
102.50 136.50
102.00 136.00
102.00 135.50
102.00 135.00
102.00 134.50
102.00 134.00
102.00 133.50
102.00 133.00
102.00 132.50
102.00 132.00
102.00 131.50
102.00 131.00
102.00 130.50
102.00 130.00
102.00 129.50
102.00 129.00
102.00 128.50
102.00 128.00
102.00 127.50
102.00 127.00
102.00 126.50
102.00 126.00
102.00 125.50
102.00 125.00
101.50 124.50
101.50 124.00
101.50 123.50
101.50 123.00
101.50 122.50
101.50 122.00
101.50 121.50
101.50 121.00
101.50 120.50
101.50 120.00
101.50 119.50
101.50 119.00
101.50 118.50
101.50 118.00
101.50 117.50
101.50 117.00
101.50 116.50
101.50 116.00
101.50 115.50
101.50 115.00
101.50 114.50
102.00 114.00
102.00 113.50
102.00 113.00
102.00 112.50
102.50 112.00
102.50 111.50
102.50 111.00
102.50 110.50
103.00 110.00
103.00 109.50
103.50 109.00
103.50 108.50
104.00 108.00
104.00 107.50
104.00 107.00
104.50 106.50
104.50 106.00
105.00 105.50
105.50 105.00
105.50 104.50
106.00 104.00
106.50 103.50
106.50 103.00
107.00 102.50
107.50 102.00
108.00 101.50
108.00 101.00
108.50 100.50
108.50 100.00
109.00 99.50
109.50 99.00
110.00 98.50
110.00 98.00
110.50 97.50
