144.00 118.50
144.00 119.00
144.00 119.50
144.50 120.00
144.50 120.50
144.50 121.00
144.50 121.50
144.50 122.00
145.00 122.50
145.00 123.00
145.00 123.50
145.00 124.00
145.00 124.50
145.00 125.00
145.00 125.50
145.00 126.00
145.00 126.50
145.00 127.00
145.00 127.50
145.00 128.00
145.00 128.50
145.00 129.00
145.00 129.50
144.50 130.00
144.50 130.50
144.50 131.00
144.00 131.50
144.00 132.00
143.50 132.50
143.00 133.00
142.50 133.50
142.00 134.00
141.50 134.50
141.00 135.00
140.50 135.50
140.00 136.00
139.50 136.00
139.00 136.50
138.50 137.00
138.00 137.00
137.50 137.50
137.00 137.50
136.50 138.00
136.00 138.50
135.50 138.50
135.00 139.00
134.50 139.00
134.00 139.50
133.50 139.50
133.00 139.50
132.50 140.00
132.00 140.50
131.50 140.50
131.00 140.50
130.50 141.00
130.00 141.50
129.50 141.50
129.00 142.00
128.50 142.00
128.00 142.50
127.50 142.50
127.00 142.50
126.50 143.00
126.00 143.00
125.50 143.00
125.00 143.00
124.50 143.00
124.00 143.00
123.50 143.00
123.00 143.00
122.50 143.00
122.00 143.00
121.50 143.00
121.00 142.50
120.50 142.50
120.00 142.50
119.50 142.50
119.00 142.00
118.50 142.00
118.00 141.50
117.50 141.50
117.00 141.00
116.50 141.00
116.00 140.50
115.50 140.00
115.00 139.50
114.50 139.00
114.00 138.50
113.50 138.00
113.00 137.50
113.00 137.00
112.50 136.50
112.00 136.00
112.00 135.50
111.50 135.00
111.00 134.50
111.00 134.00
110.50 133.50
110.50 133.00
110.00 132.50
110.00 132.00
109.50 131.50
109.50 131.00
109.50 130.50
109.00 130.00
109.00 129.50
109.00 129.00
108.50 128.50
108.50 128.00
108.00 127.50
108.00 127.00
108.00 126.50
107.50 126.00
107.00 125.50
107.00 125.00
107.00 124.50
106.50 124.00
106.50 123.50
106.50 123.00
106.50 122.50
106.00 122.00
106.00 121.50
105.50 121.00
105.50 120.50
105.50 120.00
105.50 119.50
105.50 119.00
105.50 118.50
105.00 118.00
105.00 117.50
105.00 117.00
105.00 116.50
105.00 116.00
105.50 115.50
105.50 115.00
105.50 114.50
105.50 114.00
106.00 113.50
106.00 113.00
106.50 112.50
106.50 112.00
106.50 111.50
107.00 111.00
107.50 110.50
107.50 110.00
108.00 109.50
108.50 109.00
108.50 108.50
108.50 108.00
109.00 107.50
109.00 107.00
109.50 106.50
109.50 106.00
110.00 105.50
110.00 105.00
110.00 104.50
110.50 104.00
110.50 103.50
110.50 103.00
110.50 102.50
110.50 102.00
110.50 101.50
111.00 101.00
111.00 100.50
111.00 100.00
111.00 99.50
111.00 99.00
111.50 98.50
111.50 98.00
112.00 97.50
112.00 97.00
112.50 96.50
113.00 96.00
113.50 96.00
114.00 95.50
114.50 95.50
115.00 95.00
115.50 95.00
116.00 95.00
116.50 95.00
117.00 95.00
117.50 95.00
118.00 95.00
118.50 94.50
119.00 94.50
119.50 94.50
120.00 94.50
120.50 94.50
121.00 94.50
121.50 94.50
122.00 94.50
122.50 94.50
123.00 94.50
123.50 94.50
124.00 94.00
124.50 94.00
125.00 94.00
125.50 94.00
126.00 94.00
126.50 94.00
127.00 94.00
127.50 94.00
128.00 94.00
128.50 94.00
129.00 94.50
129.50 94.50
130.00 94.50
130.50 95.00
131.00 95.00
131.50 95.00
132.00 95.50
132.50 96.00
133.00 96.00
133.50 96.50
133.50 97.00
134.00 97.50
134.50 97.50
135.00 98.00
135.50 98.50
136.00 99.00
136.50 99.50
137.00 100.00
137.50 100.50
137.50 101.00
138.00 101.50
138.00 102.00
138.50 102.50
139.00 103.00
139.50 103.50
139.50 104.00
140.00 104.50
140.50 105.00
141.00 105.50
141.00 106.00
141.50 106.50
141.50 107.00
142.00 107.50
142.00 108.00
142.50 108.50
142.50 109.00
143.00 109.50
143.00 110.00
143.50 110.50
143.50 111.00
143.50 111.50
143.50 112.00
143.50 112.50
144.00 113.00
144.00 113.50
144.00 114.00
144.00 114.50
144.00 115.00
144.00 115.50
144.00 116.00
144.00 116.50
144.00 117.00
144.00 117.50
144.00 118.00
