136.00 102.50
136.50 102.50
137.00 102.50
137.50 102.50
138.00 102.50
138.50 102.50
139.00 102.50
139.50 103.00
140.00 103.00
140.50 103.00
141.00 103.00
141.50 103.50
142.00 103.50
142.50 103.50
143.00 103.50
143.50 104.00
144.00 104.00
144.50 104.00
145.00 104.50
145.50 104.50
146.00 104.50
146.50 105.00
147.00 105.00
147.50 105.50
148.00 106.00
148.50 106.00
149.00 106.50
149.50 106.50
150.00 107.00
150.50 107.50
151.00 107.50
151.50 108.00
152.00 108.50
152.50 109.00
153.00 109.50
153.50 110.00
154.00 110.50
154.50 111.00
155.00 111.50
155.50 112.00
155.50 112.50
156.00 113.00
156.50 113.50
156.50 114.00
156.50 114.50
157.00 115.00
157.50 115.50
157.50 116.00
157.50 116.50
158.00 117.00
158.00 117.50
158.00 118.00
158.00 118.50
158.00 119.00
158.50 119.50
158.50 120.00
158.50 120.50
158.50 121.00
158.50 121.50
158.50 122.00
158.50 122.50
158.50 123.00
158.50 123.50
158.50 124.00
158.50 124.50
158.50 125.00
158.50 125.50
158.50 126.00
158.50 126.50
158.50 127.00
158.00 127.50
158.00 128.00
158.00 128.50
158.00 129.00
158.00 129.50
157.50 130.00
157.50 130.50
157.50 131.00
157.50 131.50
157.00 132.00
157.00 132.50
156.50 133.00
156.00 133.50
156.00 134.00
155.50 134.50
155.00 135.00
154.50 135.50
154.00 136.00
153.50 136.50
153.00 137.00
152.50 137.50
152.00 138.00
151.50 138.00
151.00 138.50
150.50 139.00
150.00 139.00
149.50 139.50
149.00 139.50
148.50 140.00
148.00 140.50
147.50 140.50
147.00 141.00
146.50 141.00
146.00 141.50
145.50 141.50
145.00 142.00
144.50 142.00
144.00 142.50
143.50 142.50
143.00 143.00
142.50 143.00
142.00 143.50
141.50 143.50
141.00 144.00
140.50 144.00
140.00 144.00
139.50 144.50
139.00 144.50
138.50 144.50
138.00 145.00
137.50 145.00
137.00 145.00
136.50 145.00
136.00 145.50
135.50 145.50
135.00 145.50
134.50 145.50
134.00 145.50
133.50 145.50
133.00 145.50
132.50 145.50
132.00 145.50
131.50 145.50
131.00 145.50
130.50 145.50
130.00 145.50
129.50 145.00
129.00 145.00
128.50 145.00
128.00 145.00
127.50 144.50
127.00 144.50
126.50 144.00
126.00 144.00
125.50 143.50
125.00 143.50
124.50 143.50
124.00 143.00
123.50 143.00
123.00 142.50
122.50 142.00
122.00 142.00
121.50 141.50
121.00 141.50
120.50 141.00
120.00 141.00
119.50 140.50
119.00 140.00
118.50 139.50
118.00 139.50
117.50 139.00
117.00 138.50
116.50 138.00
116.00 137.50
115.50 137.00
115.50 136.50
115.00 136.00
114.50 135.50
114.00 135.00
113.50 134.50
113.50 134.00
113.00 133.50
113.00 133.00
113.00 132.50
112.50 132.00
112.50 131.50
112.00 131.00
112.00 130.50
111.50 130.00
111.50 129.50
111.50 129.00
111.00 128.50
111.00 128.00
111.00 127.50
110.50 127.00
110.50 126.50
110.50 126.00
110.50 125.50
110.00 125.00
110.00 124.50
110.00 124.00
110.00 123.50
110.00 123.00
110.00 122.50
110.00 122.00
110.00 121.50
110.00 121.00
110.00 120.50
110.00 120.00
110.00 119.50
110.00 119.00
110.50 118.50
110.50 118.00
110.50 117.50
111.00 117.00
111.00 116.50
111.00 116.00
111.50 115.50
111.50 115.00
112.00 114.50
112.00 114.00
112.50 113.50
113.00 113.00
113.00 112.50
113.50 112.00
114.00 111.50
114.50 111.00
115.00 110.50
115.50 110.00
115.50 109.50
116.00 109.00
116.50 109.00
117.00 108.50
117.50 108.00
118.00 107.50
118.50 107.50
119.00 107.00
119.50 107.00
120.00 106.50
120.50 106.50
121.00 106.00
121.50 105.50
122.00 105.50
122.50 105.50
123.00 105.00
123.50 105.00
124.00 105.00
124.50 104.50
125.00 104.50
125.50 104.00
126.00 104.00
126.50 104.00
127.00 104.00
127.50 103.50
128.00 103.50
128.50 103.50
129.00 103.50
129.50 103.50
130.00 103.00
130.50 103.00
131.00 103.00
131.50 103.00
132.00 103.00
132.50 102.50
133.00 102.50
133.50 102.50
134.00 102.50
134.50 102.50
135.00 102.50
135.50 102.50
