126.50 91.50
127.00 91.50
127.50 91.50
128.00 91.50
128.50 91.50
129.00 91.50
129.50 91.50
130.00 91.50
130.50 91.50
131.00 91.50
131.50 91.50
132.00 91.50
132.50 91.50
133.00 92.00
133.50 92.00
134.00 92.00
134.50 92.00
135.00 92.00
135.50 92.00
136.00 92.50
136.50 92.50
137.00 92.50
137.50 92.50
138.00 92.50
138.50 93.00
139.00 93.00
139.50 93.00
140.00 93.50
140.50 93.50
141.00 93.50
141.50 94.00
142.00 94.00
142.50 94.50
143.00 94.50
143.50 94.50
144.00 95.00
144.50 95.00
145.00 95.50
145.50 95.50
146.00 96.00
146.50 96.00
147.00 96.50
147.50 96.50
148.00 97.00
148.50 97.50
149.00 98.00
149.50 98.00
150.00 98.50
150.50 99.00
151.00 99.00
151.50 99.50
152.00 100.00
152.50 100.50
153.00 101.00
153.50 101.50
154.00 102.00
154.50 102.50
155.00 103.00
155.50 103.50
156.00 104.00
156.50 104.50
157.00 105.00
157.50 105.50
158.00 106.00
158.50 106.50
159.00 107.00
159.50 107.50
160.00 108.00
160.00 108.50
160.50 109.00
161.00 109.50
161.50 110.00
161.50 110.50
162.00 111.00
162.50 111.50
162.50 112.00
163.00 112.50
163.00 113.00
163.50 113.50
164.00 114.00
164.00 114.50
164.00 115.00
164.50 115.50
164.50 116.00
164.50 116.50
165.00 117.00
165.00 117.50
165.50 118.00
165.50 118.50
165.50 119.00
165.50 119.50
166.00 120.00
166.00 120.50
166.00 121.00
166.00 121.50
166.00 122.00
166.00 122.50
166.00 123.00
166.00 123.50
166.00 124.00
166.00 124.50
166.00 125.00
166.00 125.50
166.00 126.00
166.00 126.50
166.00 127.00
166.00 127.50
166.00 128.00
165.50 128.50
165.50 129.00
165.50 129.50
165.50 130.00
165.50 130.50
165.00 131.00
165.00 131.50
165.00 132.00
165.00 132.50
164.50 133.00
164.50 133.50
164.00 134.00
164.00 134.50
163.50 135.00
163.50 135.50
163.50 136.00
163.00 136.50
163.00 137.00
162.50 137.50
162.50 138.00
162.00 138.50
162.00 139.00
161.50 139.50
161.00 140.00
161.00 140.50
160.50 141.00
160.00 141.50
159.50 142.00
159.00 142.50
159.00 143.00
158.50 143.50
158.00 144.00
157.50 144.50
157.00 145.00
156.50 145.50
156.00 146.00
155.50 146.50
155.00 147.00
154.50 147.50
154.00 147.50
153.50 148.00
153.00 148.50
152.50 149.00
152.00 149.00
151.50 149.50
151.00 150.00
150.50 150.00
150.00 150.50
149.50 151.00
149.00 151.00
148.50 151.50
148.00 151.50
147.50 152.00
147.00 152.00
146.50 152.50
146.00 152.50
145.50 153.00
145.00 153.00
144.50 153.00
144.00 153.50
143.50 153.50
143.00 153.50
142.50 154.00
142.00 154.00
141.50 154.00
141.00 154.50
140.50 154.50
140.00 155.00
139.50 155.00
139.00 155.00
138.50 155.00
138.00 155.00
137.50 155.50
137.00 155.50
136.50 155.50
136.00 155.50
135.50 155.50
135.00 155.50
134.50 156.00
134.00 156.00
133.50 156.00
133.00 156.00
132.50 156.00
132.00 156.00
131.50 156.00
131.00 156.00
130.50 156.00
130.00 156.00
129.50 156.00
129.00 156.00
128.50 156.00
128.00 156.00
127.50 156.00
127.00 156.00
126.50 156.00
126.00 155.50
125.50 155.50
125.00 155.50
124.50 155.50
124.00 155.50
123.50 155.50
123.00 155.00
122.50 155.00
122.00 155.00
121.50 155.00
121.00 155.00
120.50 154.50
120.00 154.50
119.50 154.50
119.00 154.00
118.50 154.00
118.00 154.00
117.50 154.00
117.00 153.50
116.50 153.50
116.00 153.00
115.50 153.00
115.00 152.50
114.50 152.50
114.00 152.50
113.50 152.00
113.00 152.00
112.50 152.00
112.00 151.50
111.50 151.00
111.00 151.00
110.50 150.50
110.00 150.50
109.50 150.00
109.00 149.50
108.50 149.00
108.00 149.00
107.50 148.50
107.00 148.00
106.50 147.50
106.00 147.00
105.50 146.50
105.00 146.00
104.50 145.50
104.50 145.00
104.00 144.50
104.00 144.00
103.50 143.50
103.00 143.00
103.00 142.50
103.00 142.00
102.50 141.50
102.50 141.00
102.50 140.50
102.00 140.00
102.00 139.50
101.50 139.00
101.50 138.50
101.50 138.00
101.50 137.50
101.00 137.00
101.00 136.50
101.00 136.00
101.00 135.50
101.00 135.00
101.00 134.50
100.50 134.00
100.50 133.50
100.50 133.00
100.50 132.50
100.50 132.00
100.50 131.50
100.50 131.00
100.50 130.50
100.50 130.00
100.50 129.50
100.50 129.00
100.50 128.50
100.50 128.00
100.50 127.50
100.50 127.00
100.50 126.50
100.50 126.00
100.50 125.50
100.50 125.00
100.50 124.50
100.50 124.00
100.50 123.50
100.50 123.00
100.50 122.50
100.50 122.00
100.50 121.50
100.50 121.00
100.50 120.50
100.50 120.00
101.00 119.50
101.00 119.00
101.00 118.50
101.00 118.00
101.00 117.50
101.50 117.00
101.50 116.50
101.50 116.00
101.50 115.50
102.00 115.00
102.00 114.50
102.00 114.00
102.00 113.50
102.50 113.00
102.50 112.50
102.50 112.00
103.00 111.50
103.00 111.00
103.00 110.50
103.50 110.00
103.50 109.50
104.00 109.00
104.00 108.50
104.00 108.00
104.50 107.50
105.00 107.00
105.00 106.50
105.50 106.00
105.50 105.50
106.00 105.00
106.00 104.50
106.50 104.00
107.00 103.50
107.50 103.00
107.50 102.50
108.00 102.00
108.50 101.50
108.50 101.00
109.00 100.50
109.50 100.00
110.00 99.50
110.50 99.00
111.00 98.50
111.50 98.00
112.00 97.50
112.50 97.00
113.00 96.50
113.50 96.00
114.00 95.50
114.50 95.00
115.00 94.50
115.50 94.50
116.00 94.00
116.50 94.00
117.00 93.50
117.50 93.00
118.00 93.00
118.50 93.00
119.00 92.50
119.50 92.50
120.00 92.50
120.50 92.00
121.00 92.00
121.50 92.00
122.00 92.00
122.50 92.00
123.00 91.50
123.50 91.50
124.00 91.50
124.50 91.50
125.00 91.50
125.50 91.50
126.00 91.50
