122.50 99.50
123.00 99.00
123.50 99.00
124.00 99.00
124.50 98.50
125.00 98.50
125.50 98.50
126.00 98.00
126.50 98.00
127.00 98.00
127.50 98.00
128.00 98.00
128.50 98.00
129.00 97.50
129.50 97.50
130.00 97.50
130.50 97.50
131.00 97.50
131.50 97.50
132.00 97.50
132.50 97.50
133.00 97.50
133.50 97.50
134.00 97.50
134.50 97.50
135.00 97.50
135.50 97.50
136.00 97.50
136.50 97.50
137.00 97.50
137.50 97.50
138.00 97.50
138.50 98.00
139.00 98.00
139.50 98.00
140.00 98.00
140.50 98.50
141.00 98.50
141.50 98.50
142.00 99.00
142.50 99.00
143.00 99.00
143.50 99.50
144.00 99.50
144.50 100.00
145.00 100.00
145.50 100.50
146.00 100.50
146.50 101.00
147.00 101.50
147.50 101.50
148.00 102.00
148.50 102.50
149.00 102.50
149.50 103.00
150.00 103.50
150.50 104.00
151.00 104.00
151.50 104.50
152.00 105.00
152.00 105.50
152.50 106.00
153.00 106.00
153.50 106.50
154.00 107.00
154.00 107.50
154.50 108.00
155.00 108.50
155.50 109.00
155.50 109.50
156.00 110.00
156.50 110.50
157.00 111.00
157.00 111.50
157.00 112.00
157.50 112.50
158.00 113.00
158.00 113.50
158.00 114.00
158.50 114.50
158.50 115.00
159.00 115.50
159.00 116.00
159.00 116.50
159.50 117.00
159.50 117.50
159.50 118.00
159.50 118.50
160.00 119.00
160.00 119.50
160.00 120.00
160.00 120.50
160.00 121.00
160.00 121.50
160.00 122.00
160.50 122.50
160.50 123.00
160.50 123.50
160.50 124.00
160.50 124.50
160.00 125.00
160.00 125.50
160.00 126.00
160.00 126.50
160.00 127.00
160.00 127.50
160.00 128.00
160.00 128.50
159.50 129.00
159.50 129.50
159.50 130.00
159.00 130.50
159.00 131.00
159.00 131.50
158.50 132.00
158.50 132.50
158.00 133.00
158.00 133.50
157.50 134.00
157.50 134.50
157.00 135.00
156.50 135.50
156.00 136.00
156.00 136.50
155.50 137.00
155.00 137.50
154.50 138.00
154.00 138.50
153.50 139.00
153.00 139.50
152.50 140.00
152.00 140.50
151.50 140.50
151.00 141.00
150.50 141.00
150.00 141.50
149.50 141.50
149.00 142.00
148.50 142.00
148.00 142.50
147.50 142.50
147.00 142.50
146.50 143.00
146.00 143.00
145.50 143.00
145.00 143.50
144.50 143.50
144.00 143.50
143.50 143.50
143.00 144.00
142.50 144.00
142.00 144.00
141.50 144.00
141.00 144.00
140.50 144.00
140.00 144.50
139.50 144.50
139.00 144.50
138.50 144.50
138.00 144.50
137.50 144.50
137.00 144.50
136.50 144.50
136.00 144.50
135.50 144.50
135.00 144.50
134.50 144.50
134.00 144.50
133.50 144.50
133.00 144.50
132.50 144.50
132.00 144.50
131.50 144.50
131.00 144.50
130.50 144.50
130.00 144.50
129.50 144.50
129.00 144.50
128.50 144.50
128.00 144.50
127.50 144.00
127.00 144.00
126.50 144.00
126.00 144.00
125.50 144.00
125.00 144.00
124.50 144.00
124.00 143.50
123.50 143.50
123.00 143.50
122.50 143.50
122.00 143.50
121.50 143.00
121.00 143.00
120.50 143.00
120.00 143.00
119.50 143.00
119.00 142.50
118.50 142.50
118.00 142.50
117.50 142.00
117.00 142.00
116.50 142.00
116.00 141.50
115.50 141.50
115.00 141.50
114.50 141.00
114.00 140.50
113.50 140.50
113.00 140.00
112.50 139.50
112.00 139.00
111.50 139.00
111.00 138.50
111.00 138.00
110.50 137.50
110.00 137.00
110.00 136.50
110.00 136.00
109.50 135.50
109.50 135.00
109.00 134.50
109.00 134.00
108.50 133.50
108.50 133.00
108.50 132.50
108.00 132.00
108.00 131.50
108.00 131.00
107.50 130.50
107.50 130.00
107.50 129.50
107.50 129.00
107.50 128.50
107.50 128.00
107.50 127.50
107.50 127.00
107.50 126.50
107.50 126.00
107.50 125.50
107.50 125.00
107.50 124.50
107.50 124.00
107.50 123.50
107.50 123.00
107.50 122.50
107.50 122.00
107.50 121.50
107.50 121.00
107.50 120.50
107.50 120.00
107.50 119.50
107.50 119.00
108.00 118.50
108.00 118.00
108.00 117.50
108.00 117.00
108.00 116.50
108.00 116.00
108.00 115.50
108.50 115.00
108.50 114.50
108.50 114.00
108.50 113.50
109.00 113.00
109.00 112.50
109.00 112.00
109.50 111.50
109.50 111.00
109.50 110.50
110.00 110.00
110.00 109.50
110.50 109.00
111.00 108.50
111.00 108.00
111.50 107.50
112.00 107.00
112.00 106.50
112.50 106.00
113.00 105.50
113.50 105.00
114.00 104.50
114.50 104.00
115.00 103.50
115.50 103.50
116.00 103.00
116.50 102.50
117.00 102.00
117.50 101.50
118.00 101.50
118.50 101.00
119.00 101.00
119.50 100.50
120.00 100.50
120.50 100.00
121.00 100.00
121.50 99.50
122.00 99.50
