115.00 95.00
115.50 94.50
116.00 94.00
116.50 94.00
117.00 94.00
117.50 93.50
118.00 93.50
118.50 93.00
119.00 93.00
119.50 93.00
120.00 93.00
120.50 93.00
121.00 92.50
121.50 92.50
122.00 92.50
122.50 92.50
123.00 92.50
123.50 92.50
124.00 92.00
124.50 92.00
125.00 92.00
125.50 92.00
126.00 92.00
126.50 92.00
127.00 92.00
127.50 92.00
128.00 92.00
128.50 92.00
129.00 92.00
129.50 92.00
130.00 92.00
130.50 92.00
131.00 92.00
131.50 92.00
132.00 92.00
132.50 92.00
133.00 92.00
133.50 92.00
134.00 92.00
134.50 92.00
135.00 92.00
135.50 92.00
136.00 92.50
136.50 92.50
137.00 92.50
137.50 92.50
138.00 92.50
138.50 92.50
139.00 92.50
139.50 93.00
140.00 93.00
140.50 93.00
141.00 93.00
141.50 93.50
142.00 93.50
142.50 93.50
143.00 93.50
143.50 94.00
144.00 94.00
144.50 94.50
145.00 94.50
145.50 95.00
146.00 95.00
146.50 95.50
147.00 95.50
147.50 96.00
148.00 96.00
148.50 96.50
149.00 97.00
149.50 97.50
150.00 97.50
150.50 98.00
151.00 98.50
151.50 99.00
152.00 99.50
152.50 100.00
153.00 100.00
153.50 100.50
153.50 101.00
154.00 101.50
154.50 102.00
155.00 102.50
155.50 103.00
156.00 103.50
156.50 104.00
156.50 104.50
157.00 105.00
157.50 105.50
158.00 106.00
158.50 106.50
159.00 107.00
159.50 107.50
160.00 108.00
160.00 108.50
160.50 109.00
160.50 109.50
161.00 110.00
161.00 110.50
161.50 111.00
162.00 111.50
162.00 112.00
162.50 112.50
162.50 113.00
163.00 113.50
163.00 114.00
163.00 114.50
163.50 115.00
163.50 115.50
163.50 116.00
164.00 116.50
164.00 117.00
164.00 117.50
164.00 118.00
164.00 118.50
164.50 119.00
164.50 119.50
164.50 120.00
164.50 120.50
164.50 121.00
164.50 121.50
164.50 122.00
164.50 122.50
164.50 123.00
164.50 123.50
164.50 124.00
164.50 124.50
164.50 125.00
164.50 125.50
164.50 126.00
164.50 126.50
164.50 127.00
164.00 127.50
164.00 128.00
164.00 128.50
164.00 129.00
164.00 129.50
164.00 130.00
163.50 130.50
163.50 131.00
163.50 131.50
163.00 132.00
163.00 132.50
163.00 133.00
163.00 133.50
162.50 134.00
162.50 134.50
162.00 135.00
162.00 135.50
162.00 136.00
161.50 136.50
161.50 137.00
161.00 137.50
161.00 138.00
160.50 138.50
160.00 139.00
160.00 139.50
159.50 140.00
159.00 140.50
158.50 141.00
158.00 141.50
157.50 142.00
157.00 142.50
156.50 143.00
156.00 143.50
155.50 144.00
155.00 144.50
154.50 144.50
154.00 145.00
153.50 145.50
153.00 145.50
152.50 146.00
152.00 146.00
151.50 146.50
151.00 146.50
150.50 147.00
150.00 147.00
149.50 147.50
149.00 148.00
148.50 148.00
148.00 148.50
147.50 148.50
147.00 149.00
146.50 149.00
146.00 149.50
145.50 149.50
145.00 149.50
144.50 150.00
144.00 150.00
143.50 150.50
143.00 150.50
142.50 150.50
142.00 151.00
141.50 151.50
141.00 151.50
140.50 151.50
140.00 152.00
139.50 152.00
139.00 152.00
138.50 152.50
138.00 152.50
137.50 152.50
137.00 152.50
136.50 153.00
136.00 153.00
135.50 153.00
135.00 153.50
134.50 153.50
134.00 153.50
133.50 153.50
133.00 153.50
132.50 154.00
132.00 154.00
131.50 154.00
131.00 154.00
130.50 154.00
130.00 154.00
129.50 154.00
129.00 154.00
128.50 154.00
128.00 154.00
127.50 154.00
127.00 154.00
126.50 154.00
126.00 154.00
125.50 154.00
125.00 154.00
124.50 153.50
124.00 153.50
123.50 153.50
123.00 153.50
122.50 153.50
122.00 153.00
121.50 153.00
121.00 153.00
120.50 153.00
120.00 152.50
119.50 152.50
119.00 152.50
118.50 152.00
118.00 152.00
117.50 152.00
117.00 151.50
116.50 151.50
116.00 151.00
115.50 151.00
115.00 150.50
114.50 150.50
114.00 150.00
113.50 150.00
113.00 149.50
112.50 149.50
112.00 149.00
111.50 148.50
111.00 148.50
110.50 148.00
110.00 147.50
109.50 147.00
109.00 146.50
108.50 146.00
108.00 145.50
107.50 145.00
107.00 144.50
106.50 144.00
106.00 143.50
105.50 143.00
105.50 142.50
105.00 142.00
104.50 141.50
104.50 141.00
104.00 140.50
104.00 140.00
103.50 139.50
103.50 139.00
103.50 138.50
103.00 138.00
103.00 137.50
102.50 137.00
102.50 136.50
102.50 136.00
102.50 135.50
102.00 135.00
102.00 134.50
102.00 134.00
102.00 133.50
102.00 133.00
101.50 132.50
101.50 132.00
101.50 131.50
101.50 131.00
101.50 130.50
101.50 130.00
101.50 129.50
101.50 129.00
101.00 128.50
101.00 128.00
101.00 127.50
101.00 127.00
101.00 126.50
101.00 126.00
101.00 125.50
101.00 125.00
101.00 124.50
101.50 124.00
101.50 123.50
101.50 123.00
101.50 122.50
101.50 122.00
101.50 121.50
101.50 121.00
101.50 120.50
101.50 120.00
101.50 119.50
101.50 119.00
102.00 118.50
102.00 118.00
102.00 117.50
102.00 117.00
102.00 116.50
102.00 116.00
102.50 115.50
102.50 115.00
102.50 114.50
102.50 114.00
102.50 113.50
103.00 113.00
103.00 112.50
103.00 112.00
103.00 111.50
103.50 111.00
103.50 110.50
103.50 110.00
104.00 109.50
104.00 109.00
104.00 108.50
104.50 108.00
104.50 107.50
105.00 107.00
105.00 106.50
105.00 106.00
105.50 105.50
105.50 105.00
106.00 104.50
106.00 104.00
106.50 103.50
107.00 103.00
107.00 102.50
107.50 102.00
107.50 101.50
108.00 101.00
108.50 100.50
108.50 100.00
109.00 99.50
109.50 99.00
110.00 98.50
110.50 98.00
111.00 97.50
111.50 97.50
112.00 97.00
112.00 96.50
112.50 96.00
113.00 96.00
113.50 95.50
114.00 95.50
114.50 95.00
