125.00 96.50
125.50 96.00
126.00 96.00
126.50 96.00
127.00 96.00
127.50 95.50
128.00 95.50
128.50 95.50
129.00 95.50
129.50 95.50
130.00 95.50
130.50 95.00
131.00 95.00
131.50 95.00
132.00 95.00
132.50 95.00
133.00 95.00
133.50 95.00
134.00 95.00
134.50 95.00
135.00 95.00
135.50 95.00
136.00 95.00
136.50 95.00
137.00 95.00
137.50 95.00
138.00 95.00
138.50 95.00
139.00 95.00
139.50 95.00
140.00 95.00
140.50 95.50
141.00 95.50
141.50 95.50
142.00 95.50
142.50 95.50
143.00 96.00
143.50 96.00
144.00 96.00
144.50 96.50
145.00 96.50
145.50 96.50
146.00 97.00
146.50 97.00
147.00 97.50
147.50 97.50
148.00 98.00
148.50 98.00
149.00 98.50
149.50 99.00
150.00 99.00
150.50 99.00
151.00 99.50
151.50 100.00
152.00 100.50
152.50 100.50
153.00 101.00
153.50 101.50
154.00 102.00
154.50 102.00
155.00 102.50
155.50 103.00
156.00 103.00
156.50 103.50
157.00 104.00
157.00 104.50
157.50 105.00
158.00 105.00
158.50 105.50
159.00 106.00
159.00 106.50
159.50 107.00
160.00 107.50
160.50 108.00
161.00 108.50
161.00 109.00
161.50 109.50
162.00 110.00
162.00 110.50
162.50 111.00
163.00 111.50
163.00 112.00
163.00 112.50
163.50 113.00
163.50 113.50
164.00 114.00
164.00 114.50
164.50 115.00
164.50 115.50
164.50 116.00
165.00 116.50
165.00 117.00
165.00 117.50
165.00 118.00
165.50 118.50
165.50 119.00
165.50 119.50
165.50 120.00
165.50 120.50
166.00 121.00
166.00 121.50
166.00 122.00
166.00 122.50
166.00 123.00
166.00 123.50
166.00 124.00
166.00 124.50
166.00 125.00
166.00 125.50
166.00 126.00
166.00 126.50
166.00 127.00
166.00 127.50
166.00 128.00
166.00 128.50
166.00 129.00
166.00 129.50
166.00 130.00
166.00 130.50
166.00 131.00
166.00 131.50
165.50 132.00
165.50 132.50
165.50 133.00
165.50 133.50
165.50 134.00
165.00 134.50
165.00 135.00
165.00 135.50
164.50 136.00
164.50 136.50
164.50 137.00
164.50 137.50
164.00 138.00
164.00 138.50
163.50 139.00
163.50 139.50
163.00 140.00
163.00 140.50
163.00 141.00
162.50 141.50
162.50 142.00
162.00 142.50
161.50 143.00
161.50 143.50
161.00 144.00
161.00 144.50
160.50 145.00
160.00 145.50
160.00 146.00
159.50 146.50
159.00 147.00
158.50 147.50
158.00 148.00
158.00 148.50
157.50 149.00
157.00 149.50
156.50 150.00
156.00 150.50
155.50 151.00
155.00 151.50
154.50 152.00
154.00 152.50
153.50 153.00
153.00 153.50
152.50 154.00
152.00 154.50
151.50 155.00
151.00 155.00
150.50 155.50
150.00 156.00
149.50 156.50
149.00 156.50
148.50 157.00
148.00 157.50
147.50 158.00
147.00 158.00
146.50 158.50
146.00 159.00
145.50 159.00
145.00 159.50
144.50 159.50
144.00 160.00
143.50 160.00
143.00 160.50
142.50 160.50
142.00 161.00
141.50 161.00
141.00 161.00
140.50 161.50
140.00 162.00
139.50 162.00
139.00 162.00
138.50 162.50
138.00 162.50
137.50 162.50
137.00 162.50
136.50 163.00
136.00 163.00
135.50 163.00
135.00 163.00
134.50 163.00
134.00 163.50
133.50 163.50
133.00 163.50
132.50 163.50
132.00 163.50
131.50 163.50
131.00 163.50
130.50 163.50
130.00 163.50
129.50 163.50
129.00 163.50
128.50 163.50
128.00 163.50
127.50 163.50
127.00 163.50
126.50 163.50
126.00 163.50
125.50 163.00
125.00 163.00
124.50 163.00
124.00 163.00
123.50 163.00
123.00 162.50
122.50 162.50
122.00 162.50
121.50 162.50
121.00 162.00
120.50 162.00
120.00 162.00
119.50 161.50
119.00 161.50
118.50 161.50
118.00 161.00
117.50 161.00
117.00 160.50
116.50 160.50
116.00 160.00
115.50 160.00
115.00 159.50
114.50 159.00
114.00 159.00
113.50 158.50
113.00 158.50
112.50 158.00
112.00 157.50
111.50 157.00
111.00 156.50
110.50 156.00
110.00 155.50
109.50 155.00
109.50 154.50
109.00 154.00
108.50 153.50
108.00 153.00
107.50 152.50
107.50 152.00
107.00 151.50
106.50 151.00
106.50 150.50
106.00 150.00
106.00 149.50
106.00 149.00
105.50 148.50
105.00 148.00
105.00 147.50
105.00 147.00
104.50 146.50
104.50 146.00
104.50 145.50
104.00 145.00
104.00 144.50
104.00 144.00
103.50 143.50
103.50 143.00
103.50 142.50
103.00 142.00
103.00 141.50
103.00 141.00
103.00 140.50
102.50 140.00
102.50 139.50
102.50 139.00
102.50 138.50
102.50 138.00
102.50 137.50
102.50 137.00
102.00 136.50
102.00 136.00
102.00 135.50
102.00 135.00
102.00 134.50
102.00 134.00
102.00 133.50
102.00 133.00
102.00 132.50
102.00 132.00
102.00 131.50
102.00 131.00
102.00 130.50
102.00 130.00
102.00 129.50
102.00 129.00
102.00 128.50
102.00 128.00
102.00 127.50
102.00 127.00
102.00 126.50
102.00 126.00
102.00 125.50
102.00 125.00
102.00 124.50
102.00 124.00
102.00 123.50
102.00 123.00
102.00 122.50
102.00 122.00
102.50 121.50
102.50 121.00
102.50 120.50
102.50 120.00
102.50 119.50
102.50 119.00
103.00 118.50
103.00 118.00
103.00 117.50
103.00 117.00
103.50 116.50
103.50 116.00
103.50 115.50
104.00 115.00
104.00 114.50
104.50 114.00
104.50 113.50
105.00 113.00
105.00 112.50
105.50 112.00
106.00 111.50
106.00 111.00
106.50 110.50
107.00 110.00
107.50 109.50
107.50 109.00
108.00 108.50
108.50 108.00
109.00 107.50
109.50 107.00
110.00 106.50
110.50 106.00
111.00 105.50
111.50 105.00
112.00 104.50
112.50 104.00
113.00 103.50
113.50 103.00
114.00 102.50
114.50 102.00
115.00 101.50
115.50 101.50
116.00 101.00
116.50 101.00
117.00 100.50
117.50 100.00
118.00 99.50
118.50 99.50
119.00 99.00
119.50 98.50
120.00 98.50
120.50 98.00
121.00 98.00
121.50 98.00
122.00 97.50
122.50 97.00
123.00 97.00
123.50 97.00
124.00 96.50
124.50 96.50
