118.50 99.00
119.00 98.50
119.50 98.50
120.00 98.00
120.50 97.50
121.00 97.50
121.50 97.00
122.00 97.00
122.50 96.50
123.00 96.00
123.50 96.00
124.00 96.00
124.50 95.50
125.00 95.50
125.50 95.50
126.00 95.00
126.50 95.00
127.00 95.00
127.50 95.00
128.00 95.00
128.50 94.50
129.00 94.50
129.50 94.50
130.00 94.50
130.50 94.50
131.00 94.50
131.50 94.50
132.00 94.50
132.50 94.50
133.00 95.00
133.50 95.00
134.00 95.00
134.50 95.00
135.00 95.00
135.50 95.00
136.00 95.00
136.50 95.00
137.00 95.50
137.50 95.50
138.00 95.50
138.50 95.50
139.00 96.00
139.50 96.00
140.00 96.00
140.50 96.50
141.00 96.50
141.50 97.00
142.00 97.00
142.50 97.00
143.00 97.50
143.50 97.50
144.00 97.50
144.50 98.00
145.00 98.00
145.50 98.50
146.00 99.00
146.50 99.00
147.00 99.50
147.50 99.50
148.00 100.00
148.50 100.50
149.00 100.50
149.50 101.00
150.00 101.50
150.50 102.00
151.00 102.00
151.50 102.50
152.00 103.00
152.50 103.50
153.00 104.00
153.50 104.00
154.00 104.50
154.00 105.00
154.50 105.50
155.00 106.00
155.50 106.50
156.00 107.00
156.50 107.50
156.50 108.00
157.00 108.50
157.50 109.00
158.00 109.50
158.50 110.00
158.50 110.50
159.00 111.00
159.50 111.50
159.50 112.00
159.50 112.50
160.00 113.00
160.50 113.50
160.50 114.00
161.00 114.50
161.00 115.00
161.50 115.50
161.50 116.00
161.50 116.50
162.00 117.00
162.00 117.50
162.50 118.00
162.50 118.50
162.50 119.00
162.50 119.50
163.00 120.00
163.00 120.50
163.00 121.00
163.00 121.50
163.00 122.00
163.00 122.50
163.00 123.00
163.00 123.50
163.50 124.00
163.50 124.50
163.50 125.00
163.50 125.50
163.00 126.00
163.00 126.50
163.00 127.00
163.00 127.50
163.00 128.00
163.00 128.50
163.00 129.00
163.00 129.50
162.50 130.00
162.50 130.50
162.50 131.00
162.00 131.50
162.00 132.00
162.00 132.50
161.50 133.00
161.50 133.50
161.00 134.00
161.00 134.50
160.50 135.00
160.00 135.50
160.00 136.00
160.00 136.50
159.50 137.00
159.00 137.50
158.50 138.00
158.00 138.50
157.50 139.00
157.00 139.50
156.50 140.00
156.00 140.50
155.50 141.00
155.00 141.00
154.50 141.50
154.00 142.00
153.50 142.50
153.00 142.50
152.50 143.00
152.00 143.00
151.50 143.50
151.00 144.00
150.50 144.00
150.00 144.00
149.50 144.50
149.00 145.00
148.50 145.00
148.00 145.00
147.50 145.50
147.00 145.50
146.50 145.50
146.00 146.00
145.50 146.50
145.00 146.50
144.50 146.50
144.00 147.00
143.50 147.00
143.00 147.00
142.50 147.00
142.00 147.50
141.50 147.50
141.00 148.00
140.50 148.00
140.00 148.00
139.50 148.00
139.00 148.50
138.50 148.50
138.00 148.50
137.50 148.50
137.00 148.50
136.50 149.00
136.00 149.00
135.50 149.00
135.00 149.00
134.50 149.00
134.00 149.00
133.50 149.00
133.00 149.00
132.50 149.00
132.00 149.00
131.50 149.00
131.00 149.00
130.50 149.00
130.00 149.00
129.50 149.00
129.00 149.00
128.50 149.00
128.00 149.00
127.50 149.00
127.00 148.50
126.50 148.50
126.00 148.50
125.50 148.50
125.00 148.50
124.50 148.50
124.00 148.00
123.50 148.00
123.00 148.00
122.50 147.50
122.00 147.50
121.50 147.50
121.00 147.50
120.50 147.00
120.00 147.00
119.50 147.00
119.00 147.00
118.50 146.50
118.00 146.50
117.50 146.00
117.00 146.00
116.50 145.50
116.00 145.50
115.50 145.00
115.00 145.00
114.50 144.50
114.00 144.00
113.50 144.00
113.00 143.50
112.50 143.00
112.00 142.50
111.50 142.00
111.00 142.00
110.50 141.50
110.00 141.00
110.00 140.50
109.50 140.00
109.00 139.50
108.50 139.00
108.50 138.50
108.00 138.00
108.00 137.50
107.50 137.00
107.50 136.50
107.00 136.00
107.00 135.50
106.50 135.00
106.50 134.50
106.00 134.00
106.00 133.50
106.00 133.00
106.00 132.50
106.00 132.00
105.50 131.50
105.50 131.00
105.50 130.50
105.50 130.00
105.50 129.50
105.50 129.00
105.50 128.50
105.50 128.00
105.50 127.50
105.00 127.00
105.00 126.50
105.50 126.00
105.50 125.50
105.50 125.00
105.50 124.50
105.50 124.00
105.50 123.50
105.50 123.00
105.50 122.50
105.50 122.00
105.50 121.50
105.50 121.00
105.50 120.50
105.50 120.00
106.00 119.50
106.00 119.00
106.00 118.50
106.00 118.00
106.00 117.50
106.00 117.00
106.50 116.50
106.50 116.00
106.50 115.50
106.50 115.00
106.50 114.50
106.50 114.00
107.00 113.50
107.00 113.00
107.00 112.50
107.00 112.00
107.00 111.50
107.50 111.00
107.50 110.50
107.50 110.00
108.00 109.50
108.00 109.00
108.00 108.50
108.50 108.00
108.50 107.50
108.50 107.00
109.00 106.50
109.00 106.00
109.50 105.50
109.50 105.00
110.00 104.50
110.50 104.00
110.50 103.50
111.00 103.00
111.50 102.50
112.00 102.00
112.50 102.00
113.00 101.50
113.50 101.50
114.00 101.00
114.50 101.00
115.00 100.50
115.50 100.00
116.00 100.00
116.50 99.50
117.00 99.50
117.50 99.00
118.00 99.00
