117.00 96.00
117.50 96.00
118.00 96.00
118.50 95.50
119.00 95.50
119.50 95.50
120.00 95.00
120.50 95.00
121.00 95.00
121.50 94.50
122.00 94.50
122.50 94.50
123.00 94.50
123.50 94.00
124.00 94.00
124.50 94.00
125.00 94.00
125.50 94.00
126.00 93.50
126.50 93.50
127.00 93.50
127.50 93.50
128.00 93.50
128.50 93.50
129.00 93.50
129.50 93.50
130.00 93.50
130.50 93.50
131.00 93.50
131.50 93.50
132.00 93.50
132.50 93.50
133.00 93.50
133.50 93.50
134.00 93.50
134.50 93.50
135.00 93.50
135.50 94.00
136.00 94.00
136.50 94.00
137.00 94.00
137.50 94.00
138.00 94.50
138.50 94.50
139.00 94.50
139.50 95.00
140.00 95.00
140.50 95.00
141.00 95.00
141.50 95.50
142.00 95.50
142.50 96.00
143.00 96.00
143.50 96.00
144.00 96.50
144.50 97.00
145.00 97.00
145.50 97.00
146.00 97.50
146.50 98.00
147.00 98.00
147.50 98.50
148.00 98.50
148.50 99.00
149.00 99.50
149.50 100.00
150.00 100.00
150.50 100.50
151.00 101.00
151.50 101.50
152.00 102.00
152.50 102.50
153.00 103.00
153.50 103.50
154.00 104.00
154.50 104.50
155.00 105.00
155.50 105.50
155.50 106.00
156.00 106.50
156.50 107.00
157.00 107.50
157.00 108.00
157.50 108.50
158.00 109.00
158.00 109.50
158.50 110.00
159.00 110.50
159.00 111.00
159.50 111.50
160.00 112.00
160.00 112.50
160.50 113.00
160.50 113.50
161.00 114.00
161.00 114.50
161.00 115.00
161.50 115.50
161.50 116.00
162.00 116.50
162.00 117.00
162.00 117.50
162.50 118.00
162.50 118.50
162.50 119.00
162.50 119.50
162.50 120.00
163.00 120.50
163.00 121.00
163.00 121.50
163.00 122.00
163.00 122.50
163.00 123.00
163.00 123.50
163.00 124.00
163.00 124.50
163.00 125.00
163.00 125.50
163.00 126.00
163.00 126.50
163.00 127.00
163.00 127.50
162.50 128.00
162.50 128.50
162.50 129.00
162.50 129.50
162.50 130.00
162.00 130.50
162.00 131.00
162.00 131.50
161.50 132.00
161.50 132.50
161.50 133.00
161.00 133.50
161.00 134.00
160.50 134.50
160.00 135.00
160.00 135.50
160.00 136.00
159.50 136.50
159.00 137.00
159.00 137.50
158.50 138.00
158.00 138.50
158.00 139.00
157.50 139.50
157.00 140.00
156.50 140.50
156.00 141.00
155.50 141.50
155.00 142.00
154.50 142.50
154.00 143.00
153.50 143.00
153.00 143.50
152.50 144.00
152.00 144.50
151.50 145.00
151.00 145.00
150.50 145.50
150.00 146.00
149.50 146.00
149.00 146.50
148.50 146.50
148.00 147.00
147.50 147.00
147.00 147.00
146.50 147.50
146.00 147.50
145.50 148.00
145.00 148.00
144.50 148.50
144.00 148.50
143.50 148.50
143.00 149.00
142.50 149.00
142.00 149.00
141.50 149.00
141.00 149.50
140.50 149.50
140.00 149.50
139.50 149.50
139.00 150.00
138.50 150.00
138.00 150.00
137.50 150.00
137.00 150.00
136.50 150.50
136.00 150.50
135.50 150.50
135.00 150.50
134.50 150.50
134.00 150.50
133.50 150.50
133.00 151.00
132.50 151.00
132.00 151.00
131.50 151.00
131.00 151.00
130.50 151.00
130.00 151.00
129.50 151.00
129.00 151.00
128.50 151.00
128.00 151.00
127.50 151.00
127.00 151.00
126.50 151.00
126.00 151.00
125.50 151.00
125.00 151.00
124.50 151.00
124.00 151.00
123.50 151.00
123.00 151.00
122.50 151.00
122.00 151.00
121.50 151.00
121.00 150.50
120.50 150.50
120.00 150.50
119.50 150.50
119.00 150.50
118.50 150.00
118.00 150.00
117.50 150.00
117.00 150.00
116.50 149.50
116.00 149.50
115.50 149.00
115.00 149.00
114.50 149.00
114.00 148.50
113.50 148.50
113.00 148.00
112.50 147.50
112.00 147.50
111.50 147.00
111.00 146.50
110.50 146.00
110.00 146.00
109.50 145.50
109.00 145.00
108.50 144.50
108.00 144.00
108.00 143.50
107.50 143.00
107.00 142.50
106.50 142.00
106.50 141.50
106.00 141.00
105.50 140.50
105.50 140.00
105.50 139.50
105.00 139.00
105.00 138.50
104.50 138.00
104.50 137.50
104.00 137.00
104.00 136.50
104.00 136.00
103.50 135.50
103.50 135.00
103.50 134.50
103.50 134.00
103.50 133.50
103.00 133.00
103.00 132.50
103.00 132.00
103.00 131.50
103.00 131.00
102.50 130.50
102.50 130.00
102.50 129.50
102.50 129.00
102.50 128.50
102.50 128.00
102.50 127.50
102.50 127.00
102.50 126.50
102.00 126.00
102.00 125.50
102.00 125.00
102.00 124.50
102.00 124.00
102.00 123.50
102.00 123.00
102.00 122.50
102.00 122.00
102.00 121.50
102.00 121.00
102.50 120.50
102.50 120.00
102.50 119.50
102.50 119.00
102.50 118.50
102.50 118.00
102.50 117.50
102.50 117.00
103.00 116.50
103.00 116.00
103.00 115.50
103.00 115.00
103.50 114.50
103.50 114.00
103.50 113.50
104.00 113.00
104.00 112.50
104.00 112.00
104.50 111.50
104.50 111.00
104.50 110.50
105.00 110.00
105.00 109.50
105.50 109.00
105.50 108.50
105.50 108.00
106.00 107.50
106.00 107.00
106.50 106.50
107.00 106.00
107.00 105.50
107.50 105.00
107.50 104.50
108.00 104.00
108.00 103.50
108.50 103.00
109.00 102.50
109.00 102.00
109.50 101.50
110.00 101.00
110.50 100.50
111.00 100.00
111.50 99.50
112.00 99.00
112.50 98.50
113.00 98.50
113.50 98.00
114.00 98.00
114.50 97.50
115.00 97.00
115.50 97.00
116.00 97.00
116.50 96.50
