163.00 140.00
163.00 140.50
162.50 141.00
162.50 141.50
162.00 142.00
161.50 142.50
161.50 143.00
161.00 143.50
160.50 144.00
160.00 144.50
159.50 145.00
159.50 145.50
159.00 146.00
158.50 146.50
158.00 147.00
157.50 147.50
157.00 148.00
157.00 148.50
156.50 149.00
156.00 149.50
155.50 150.00
155.00 150.50
154.50 151.00
154.00 151.50
153.50 152.00
153.00 152.00
152.50 152.50
152.00 153.00
151.50 153.50
151.00 153.50
150.50 154.00
150.00 154.50
149.50 155.00
149.00 155.00
148.50 155.50
148.00 156.00
147.50 156.00
147.00 156.00
146.50 156.50
146.00 157.00
145.50 157.00
145.00 157.50
144.50 157.50
144.00 158.00
143.50 158.00
143.00 158.00
142.50 158.50
142.00 158.50
141.50 159.00
141.00 159.00
140.50 159.00
140.00 159.00
139.50 159.50
139.00 159.50
138.50 159.50
138.00 159.50
137.50 159.50
137.00 160.00
136.50 160.00
136.00 160.00
135.50 160.00
135.00 160.00
134.50 160.00
134.00 160.00
133.50 160.50
133.00 160.50
132.50 160.50
132.00 160.50
131.50 160.50
131.00 160.50
130.50 160.50
130.00 160.50
129.50 160.50
129.00 160.50
128.50 160.50
128.00 160.50
127.50 160.50
127.00 160.50
126.50 160.50
126.00 160.50
125.50 160.50
125.00 160.50
124.50 160.50
124.00 160.00
123.50 160.00
123.00 160.00
122.50 160.00
122.00 160.00
121.50 160.00
121.00 159.50
120.50 159.50
120.00 159.50
119.50 159.50
119.00 159.50
118.50 159.00
118.00 159.00
117.50 159.00
117.00 158.50
116.50 158.50
116.00 158.00
115.50 157.50
115.00 157.50
114.50 157.50
114.00 157.00
113.50 156.50
113.00 156.50
112.50 156.00
112.00 155.50
111.50 155.00
111.00 155.00
110.50 154.50
110.00 154.00
110.00 153.50
109.50 153.00
109.00 152.50
108.50 152.00
108.50 151.50
108.00 151.00
108.00 150.50
107.50 150.00
107.50 149.50
107.00 149.00
107.00 148.50
107.00 148.00
106.50 147.50
106.50 147.00
106.00 146.50
106.00 146.00
106.00 145.50
105.50 145.00
105.50 144.50
105.50 144.00
105.00 143.50
105.00 143.00
105.00 142.50
104.50 142.00
104.50 141.50
104.50 141.00
104.00 140.50
104.00 140.00
104.00 139.50
103.50 139.00
103.50 138.50
103.50 138.00
103.50 137.50
103.00 137.00
103.00 136.50
103.00 136.00
103.00 135.50
102.50 135.00
102.50 134.50
102.50 134.00
102.50 133.50
102.50 133.00
102.50 132.50
102.50 132.00
102.50 131.50
102.50 131.00
102.50 130.50
102.50 130.00
102.50 129.50
102.50 129.00
102.50 128.50
102.50 128.00
103.00 127.50
103.00 127.00
103.00 126.50
103.00 126.00
103.00 125.50
103.00 125.00
103.00 124.50
103.50 124.00
103.50 123.50
103.50 123.00
103.50 122.50
103.50 122.00
103.50 121.50
103.50 121.00
104.00 120.50
104.00 120.00
104.00 119.50
104.00 119.00
104.00 118.50
104.00 118.00
104.00 117.50
104.50 117.00
104.50 116.50
104.50 116.00
104.50 115.50
104.50 115.00
105.00 114.50
105.00 114.00
105.00 113.50
105.00 113.00
105.50 112.50
105.50 112.00
105.50 111.50
106.00 111.00
106.00 110.50
106.00 110.00
106.50 109.50
106.50 109.00
107.00 108.50
107.00 108.00
107.50 107.50
107.50 107.00
108.00 106.50
108.50 106.00
108.50 105.50
109.00 105.00
109.00 104.50
109.50 104.00
109.50 103.50
110.00 103.00
110.50 102.50
111.00 102.00
111.00 101.50
111.50 101.00
112.00 100.50
112.50 100.00
113.00 99.50
113.00 99.00
113.50 98.50
114.00 98.00
114.50 97.50
115.00 97.00
115.50 96.50
116.00 96.50
116.50 96.00
117.00 95.50
117.50 95.50
118.00 95.00
118.50 95.00
119.00 94.50
119.50 94.50
120.00 94.00
120.50 94.00
121.00 93.50
121.50 93.50
122.00 93.50
122.50 93.50
123.00 93.00
123.50 93.00
124.00 93.00
124.50 93.00
125.00 92.50
125.50 92.50
126.00 92.50
126.50 92.50
127.00 92.50
127.50 92.00
128.00 92.00
128.50 92.00
129.00 92.00
129.50 92.00
130.00 92.00
130.50 92.00
131.00 92.00
131.50 92.00
132.00 92.00
132.50 92.00
133.00 92.00
133.50 92.00
134.00 92.00
134.50 92.00
135.00 92.00
135.50 92.00
136.00 92.00
136.50 92.00
137.00 92.00
137.50 92.00
138.00 92.50
138.50 92.50
139.00 92.50
139.50 92.50
140.00 92.50
140.50 93.00
141.00 93.00
141.50 93.00
142.00 93.00
142.50 93.50
143.00 93.50
143.50 94.00
144.00 94.00
144.50 94.00
145.00 94.50
145.50 94.50
146.00 95.00
146.50 95.00
147.00 95.50
147.50 95.50
148.00 96.00
148.50 96.00
149.00 96.50
149.50 96.50
150.00 97.00
150.50 97.50
151.00 97.50
151.50 98.00
152.00 98.50
152.50 98.50
153.00 99.00
153.50 99.50
154.00 100.00
154.50 100.00
155.00 100.50
155.50 101.00
156.00 101.50
156.50 102.00
157.00 102.50
157.50 103.00
158.00 103.50
158.50 104.00
159.00 104.50
159.00 105.00
159.50 105.50
160.00 106.00
160.50 106.50
161.00 107.00
161.00 107.50
161.50 108.00
162.00 108.50
162.50 109.00
162.50 109.50
163.00 110.00
163.50 110.50
163.50 111.00
164.00 111.50
164.00 112.00
164.50 112.50
164.50 113.00
165.00 113.50
165.00 114.00
165.00 114.50
165.50 115.00
165.50 115.50
166.00 116.00
166.00 116.50
166.00 117.00
166.50 117.50
166.50 118.00
166.50 118.50
166.50 119.00
166.50 119.50
167.00 120.00
167.00 120.50
167.00 121.00
167.00 121.50
167.00 122.00
167.00 122.50
167.00 123.00
167.00 123.50
167.00 124.00
167.00 124.50
167.00 125.00
167.00 125.50
167.00 126.00
167.00 126.50
167.00 127.00
167.00 127.50
167.00 128.00
167.00 128.50
166.50 129.00
166.50 129.50
166.50 130.00
166.50 130.50
166.50 131.00
166.50 131.50
166.00 132.00
166.00 132.50
166.00 133.00
165.50 133.50
165.50 134.00
165.50 134.50
165.00 135.00
165.00 135.50
165.00 136.00
164.50 136.50
164.50 137.00
164.50 137.50
164.00 138.00
164.00 138.50
163.50 139.00
163.50 139.50
