125.50 112.50
126.00 112.00
126.50 111.50
127.00 111.00
127.50 110.50
128.00 110.00
128.50 110.00
129.00 109.50
129.50 109.50
130.00 109.00
130.50 108.50
131.00 108.50
131.50 108.50
132.00 108.00
132.50 108.00
133.00 108.00
133.50 107.50
134.00 107.50
134.50 107.50
135.00 107.50
135.50 107.50
136.00 107.00
136.50 107.00
137.00 107.00
137.50 107.00
138.00 107.00
138.50 107.00
139.00 107.00
139.50 107.00
140.00 107.00
140.50 107.00
141.00 107.00
141.50 107.00
142.00 107.00
142.50 107.00
143.00 107.00
143.50 107.50
144.00 107.50
144.50 107.50
145.00 107.50
145.50 107.50
146.00 108.00
146.50 108.00
147.00 108.00
147.50 108.50
148.00 108.50
148.50 109.00
149.00 109.00
149.50 109.50
150.00 110.00
150.50 110.00
151.00 110.50
151.00 111.00
151.50 111.50
152.00 111.50
152.50 112.00
152.50 112.50
153.00 113.00
153.00 113.50
153.50 114.00
153.50 114.50
154.00 115.00
154.00 115.50
154.50 116.00
154.50 116.50
154.50 117.00
154.50 117.50
155.00 118.00
155.00 118.50
155.00 119.00
155.00 119.50
155.00 120.00
155.00 120.50
155.00 121.00
155.00 121.50
155.00 122.00
155.00 122.50
155.00 123.00
154.50 123.50
154.50 124.00
154.50 124.50
154.50 125.00
154.50 125.50
154.50 126.00
154.50 126.50
154.00 127.00
154.00 127.50
154.00 128.00
154.00 128.50
153.50 129.00
153.50 129.50
153.50 130.00
153.50 130.50
153.00 131.00
153.00 131.50
152.50 132.00
152.50 132.50
152.00 133.00
152.00 133.50
151.50 134.00
151.00 134.50
150.50 135.00
150.00 135.50
149.50 136.00
149.00 136.00
148.50 136.50
148.00 137.00
147.50 137.00
147.00 137.50
146.50 137.50
146.00 137.50
145.50 138.00
145.00 138.00
144.50 138.00
144.00 138.00
143.50 138.50
143.00 138.50
142.50 138.50
142.00 138.50
141.50 139.00
141.00 139.00
140.50 139.00
140.00 139.00
139.50 139.00
139.00 139.00
138.50 139.00
138.00 139.00
137.50 139.00
137.00 139.00
136.50 138.50
136.00 138.50
135.50 138.50
135.00 138.50
134.50 138.00
134.00 138.00
133.50 137.50
133.00 137.50
132.50 137.00
132.00 136.50
131.50 136.50
131.00 136.00
130.50 135.50
130.00 135.00
129.50 134.50
129.00 134.00
128.50 133.50
128.00 133.00
127.50 132.50
127.50 132.00
127.00 131.50
126.50 131.00
126.50 130.50
126.50 130.00
126.00 129.50
126.00 129.00
126.00 128.50
125.50 128.00
125.50 127.50
125.50 127.00
125.00 126.50
125.00 126.00
125.00 125.50
124.50 125.00
124.50 124.50
124.50 124.00
124.00 123.50
124.00 123.00
124.00 122.50
124.00 122.00
123.50 121.50
123.50 121.00
123.50 120.50
123.50 120.00
123.50 119.50
123.50 119.00
123.50 118.50
123.50 118.00
123.50 117.50
123.50 117.00
124.00 116.50
124.00 116.00
124.00 115.50
124.50 115.00
124.50 114.50
125.00 114.00
125.00 113.50
125.50 113.00
