130.50 92.00
131.00 92.00
131.50 92.00
132.00 92.00
132.50 92.00
133.00 92.00
133.50 92.00
134.00 92.00
134.50 92.00
135.00 92.00
135.50 92.00
136.00 92.00
136.50 92.00
137.00 92.00
137.50 92.00
138.00 92.00
138.50 92.50
139.00 92.50
139.50 92.50
140.00 92.50
140.50 92.50
141.00 93.00
141.50 93.00
142.00 93.00
142.50 93.00
143.00 93.50
143.50 93.50
144.00 94.00
144.50 94.00
145.00 94.00
145.50 94.50
146.00 94.50
146.50 95.00
147.00 95.50
147.50 95.50
148.00 96.00
148.50 96.50
149.00 96.50
149.50 97.00
150.00 97.50
150.50 97.50
151.00 98.00
151.50 98.50
152.00 99.00
152.50 99.50
153.00 100.00
153.50 100.50
154.00 101.00
154.50 101.50
155.00 102.00
155.50 102.50
156.00 103.00
156.50 103.50
157.00 104.00
157.50 104.50
157.50 105.00
158.00 105.50
158.50 106.00
159.00 106.50
159.50 107.00
159.50 107.50
160.00 108.00
160.50 108.50
160.50 109.00
161.00 109.50
161.50 110.00
161.50 110.50
162.00 111.00
162.50 111.50
162.50 112.00
163.00 112.50
163.00 113.00
163.50 113.50
163.50 114.00
164.00 114.50
164.00 115.00
164.00 115.50
164.50 116.00
164.50 116.50
165.00 117.00
165.00 117.50
165.50 118.00
165.50 118.50
165.50 119.00
166.00 119.50
166.00 120.00
166.00 120.50
166.00 121.00
166.00 121.50
166.50 122.00
166.50 122.50
166.50 123.00
166.50 123.50
166.50 124.00
166.50 124.50
166.50 125.00
166.50 125.50
166.50 126.00
166.50 126.50
166.50 127.00
166.50 127.50
166.00 128.00
166.00 128.50
166.00 129.00
166.00 129.50
165.50 130.00
165.50 130.50
165.50 131.00
165.50 131.50
165.00 132.00
165.00 132.50
165.00 133.00
164.50 133.50
164.50 134.00
164.00 134.50
164.00 135.00
163.50 135.50
163.50 136.00
163.50 136.50
163.00 137.00
162.50 137.50
162.50 138.00
162.50 138.50
162.00 139.00
161.50 139.50
161.50 140.00
161.50 140.50
161.00 141.00
160.50 141.50
160.50 142.00
160.00 142.50
159.50 143.00
159.50 143.50
159.00 144.00
158.50 144.50
158.00 145.00
158.00 145.50
157.50 146.00
157.00 146.50
156.50 147.00
156.00 147.50
155.50 148.00
155.00 148.50
154.50 149.00
154.00 149.50
153.50 150.00
153.00 150.00
152.50 150.50
152.00 151.00
151.50 151.00
151.00 151.50
150.50 152.00
150.00 152.00
149.50 152.00
149.00 152.50
148.50 153.00
148.00 153.00
147.50 153.00
147.00 153.50
146.50 153.50
146.00 154.00
145.50 154.00
145.00 154.50
144.50 154.50
144.00 154.50
143.50 155.00
143.00 155.00
142.50 155.00
142.00 155.50
141.50 155.50
141.00 155.50
140.50 156.00
140.00 156.00
139.50 156.00
139.00 156.00
138.50 156.50
138.00 156.50
137.50 156.50
137.00 157.00
136.50 157.00
136.00 157.00
135.50 157.50
135.00 157.50
134.50 157.50
134.00 157.50
133.50 157.50
133.00 157.50
132.50 158.00
132.00 158.00
131.50 158.00
131.00 158.00
130.50 158.00
130.00 158.00
129.50 158.00
129.00 158.00
128.50 158.00
128.00 158.00
127.50 158.00
127.00 158.00
126.50 158.00
126.00 157.50
125.50 157.50
125.00 157.50
124.50 157.50
124.00 157.50
123.50 157.50
123.00 157.00
122.50 157.00
122.00 157.00
121.50 157.00
121.00 156.50
120.50 156.50
120.00 156.50
119.50 156.00
119.00 156.00
118.50 155.50
118.00 155.50
117.50 155.50
117.00 155.00
116.50 155.00
116.00 154.50
115.50 154.50
115.00 154.50
114.50 154.00
114.00 154.00
113.50 153.50
113.00 153.50
112.50 153.00
112.00 153.00
111.50 152.50
111.00 152.50
110.50 152.00
110.00 151.50
109.50 151.50
109.00 151.00
108.50 151.00
108.00 150.50
107.50 150.00
107.00 149.50
106.50 149.00
106.00 148.50
105.50 148.00
105.00 147.50
104.50 147.00
104.50 146.50
104.00 146.00
103.50 145.50
103.50 145.00
103.00 144.50
103.00 144.00
102.50 143.50
102.50 143.00
102.00 142.50
102.00 142.00
101.50 141.50
101.50 141.00
101.00 140.50
101.00 140.00
101.00 139.50
100.50 139.00
100.50 138.50
100.50 138.00
100.50 137.50
100.50 137.00
100.00 136.50
100.00 136.00
100.00 135.50
100.00 135.00
100.00 134.50
100.00 134.00
99.50 133.50
99.50 133.00
99.50 132.50
99.50 132.00
99.50 131.50
99.50 131.00
99.50 130.50
99.50 130.00
99.50 129.50
99.50 129.00
99.50 128.50
99.50 128.00
99.50 127.50
99.50 127.00
99.50 126.50
99.50 126.00
100.00 125.50
100.00 125.00
100.00 124.50
100.00 124.00
100.00 123.50
100.00 123.00
100.00 122.50
100.00 122.00
100.50 121.50
100.50 121.00
100.50 120.50
100.50 120.00
100.50 119.50
100.50 119.00
101.00 118.50
101.00 118.00
101.00 117.50
101.00 117.00
101.50 116.50
101.50 116.00
101.50 115.50
101.50 115.00
102.00 114.50
102.00 114.00
102.00 113.50
102.00 113.00
102.50 112.50
102.50 112.00
102.50 111.50
103.00 111.00
103.00 110.50
103.00 110.00
103.50 109.50
103.50 109.00
103.50 108.50
104.00 108.00
104.00 107.50
104.50 107.00
104.50 106.50
105.00 106.00
105.00 105.50
105.50 105.00
106.00 104.50
106.00 104.00
106.50 103.50
107.00 103.00
107.50 102.50
107.50 102.00
108.00 101.50
108.50 101.00
109.00 101.00
109.50 100.50
110.00 100.00
110.50 99.50
111.00 99.00
111.50 99.00
112.00 98.50
112.50 98.00
113.00 97.50
113.50 97.50
114.00 97.00
114.50 96.50
115.00 96.50
115.50 96.00
116.00 96.00
116.50 95.50
117.00 95.00
117.50 95.00
118.00 94.50
118.50 94.50
119.00 94.00
119.50 94.00
120.00 93.50
120.50 93.50
121.00 93.50
121.50 93.00
122.00 93.00
122.50 93.00
123.00 92.50
123.50 92.50
124.00 92.50
124.50 92.50
125.00 92.50
125.50 92.50
126.00 92.50
126.50 92.00
127.00 92.00
127.50 92.00
128.00 92.00
128.50 92.00
129.00 92.00
129.50 92.00
130.00 92.00
