107.00 111.00
107.50 110.50
108.00 110.00
108.50 110.00
109.00 109.50
109.00 109.00
109.50 108.50
110.00 108.50
110.50 108.00
111.00 107.50
111.50 107.50
112.00 107.00
112.50 107.00
113.00 106.50
113.50 106.50
114.00 106.00
114.50 106.00
115.00 105.50
115.50 105.50
116.00 105.50
116.50 105.50
117.00 105.00
117.50 105.00
118.00 105.00
118.50 105.00
119.00 105.00
119.50 105.00
120.00 105.00
120.50 105.00
121.00 105.00
121.50 105.00
122.00 105.50
122.50 105.50
123.00 105.50
123.50 106.00
124.00 106.00
124.50 106.00
125.00 106.50
125.50 106.50
126.00 106.50
126.50 107.00
127.00 107.00
127.50 107.50
128.00 107.50
128.50 108.00
129.00 108.00
129.50 108.00
130.00 108.50
130.50 108.50
131.00 109.00
131.50 109.00
132.00 109.50
132.50 109.50
133.00 110.00
133.50 110.00
134.00 110.50
134.50 111.00
135.00 111.00
135.50 111.00
136.00 111.50
136.50 112.00
137.00 112.00
137.50 112.50
138.00 113.00
138.50 113.50
139.00 114.00
139.50 114.50
140.00 115.00
140.00 115.50
140.50 116.00
141.00 116.50
141.00 117.00
141.00 117.50
141.50 118.00
141.50 118.50
141.50 119.00
141.50 119.50
141.50 120.00
141.50 120.50
141.50 121.00
141.50 121.50
141.50 122.00
141.50 122.50
141.50 123.00
141.50 123.50
141.50 124.00
141.50 124.50
141.00 125.00
141.00 125.50
141.00 126.00
141.00 126.50
140.50 127.00
140.50 127.50
140.50 128.00
140.00 128.50
139.50 129.00
139.50 129.50
139.00 130.00
139.00 130.50
138.50 131.00
138.50 131.50
138.00 132.00
137.50 132.50
137.00 133.00
136.50 133.50
136.50 134.00
136.00 134.50
135.50 135.00
135.00 135.50
134.50 136.00
134.50 136.50
134.00 137.00
133.50 137.50
133.00 138.00
133.00 138.50
132.50 139.00
132.00 139.50
132.00 140.00
131.50 140.50
131.50 141.00
131.00 141.50
130.50 142.00
130.00 142.50
129.50 143.00
129.00 143.00
128.50 143.50
128.00 143.50
127.50 143.50
127.00 143.50
126.50 143.50
126.00 143.50
125.50 143.50
125.00 143.50
124.50 143.50
124.00 143.50
123.50 143.50
123.00 143.50
122.50 143.50
122.00 143.50
121.50 143.50
121.00 143.50
120.50 143.50
120.00 143.50
119.50 143.50
119.00 143.50
118.50 143.50
118.00 143.50
117.50 143.50
117.00 143.00
116.50 143.00
116.00 143.00
115.50 143.00
115.00 143.00
114.50 143.00
114.00 143.00
113.50 142.50
113.00 142.50
112.50 142.50
112.00 142.50
111.50 142.00
111.00 142.00
110.50 142.00
110.00 141.50
109.50 141.00
109.00 140.50
108.50 140.00
108.00 139.50
107.50 139.00
107.00 138.50
107.00 138.00
106.50 137.50
106.50 137.00
106.00 136.50
106.00 136.00
105.50 135.50
105.50 135.00
105.50 134.50
105.50 134.00
105.00 133.50
105.00 133.00
105.00 132.50
105.00 132.00
104.50 131.50
104.50 131.00
104.50 130.50
104.50 130.00
104.50 129.50
104.50 129.00
104.50 128.50
104.50 128.00
104.50 127.50
104.50 127.00
104.50 126.50
104.50 126.00
104.50 125.50
104.50 125.00
104.50 124.50
104.50 124.00
104.50 123.50
104.50 123.00
104.50 122.50
104.50 122.00
104.50 121.50
104.50 121.00
104.50 120.50
104.50 120.00
104.50 119.50
104.50 119.00
104.00 118.50
104.00 118.00
104.00 117.50
104.00 117.00
104.00 116.50
104.00 116.00
104.00 115.50
104.50 115.00
104.50 114.50
104.50 114.00
105.00 113.50
105.00 113.00
105.50 112.50
106.00 112.00
106.50 111.50
