114.50 103.50
115.00 103.50
115.50 103.50
116.00 103.00
116.50 103.00
117.00 103.00
117.50 103.00
118.00 103.00
118.50 103.00
119.00 103.00
119.50 103.00
120.00 103.00
120.50 103.00
121.00 103.00
121.50 103.00
122.00 103.00
122.50 103.00
123.00 103.00
123.50 103.00
124.00 103.00
124.50 103.50
125.00 103.50
125.50 103.50
126.00 103.50
126.50 103.50
127.00 103.50
127.50 103.50
128.00 104.00
128.50 104.00
129.00 104.00
129.50 104.00
130.00 104.50
130.50 104.50
131.00 104.50
131.50 104.50
132.00 104.50
132.50 105.00
133.00 105.00
133.50 105.00
134.00 105.50
134.50 105.50
135.00 105.50
135.50 106.00
136.00 106.00
136.50 106.00
137.00 106.50
137.50 106.50
138.00 106.50
138.50 107.00
139.00 107.00
139.50 107.50
140.00 107.50
140.50 108.00
141.00 108.50
141.50 108.50
142.00 109.00
142.50 109.50
143.00 110.00
143.50 110.50
144.00 111.00
144.50 111.50
145.00 112.00
145.50 112.50
145.50 113.00
146.00 113.50
146.00 114.00
146.50 114.50
146.50 115.00
147.00 115.50
147.00 116.00
147.50 116.50
147.50 117.00
147.50 117.50
148.00 118.00
148.00 118.50
148.50 119.00
148.50 119.50
148.50 120.00
149.00 120.50
149.00 121.00
149.00 121.50
149.00 122.00
149.00 122.50
149.50 123.00
149.50 123.50
149.50 124.00
149.50 124.50
149.50 125.00
149.50 125.50
149.50 126.00
149.50 126.50
149.50 127.00
149.50 127.50
149.50 128.00
149.50 128.50
149.50 129.00
149.50 129.50
149.50 130.00
149.50 130.50
149.50 131.00
149.50 131.50
149.00 132.00
149.00 132.50
149.00 133.00
149.00 133.50
148.50 134.00
148.50 134.50
148.50 135.00
148.00 135.50
148.00 136.00
147.50 136.50
147.50 137.00
147.50 137.50
147.00 138.00
147.00 138.50
146.50 139.00
146.00 139.50
146.00 140.00
145.50 140.50
145.00 141.00
145.00 141.50
144.50 142.00
144.00 142.50
143.50 143.00
143.00 143.50
142.50 144.00
142.00 144.50
141.50 144.50
141.00 145.00
140.50 145.50
140.00 146.00
139.50 146.00
139.00 146.50
138.50 146.50
138.00 147.00
137.50 147.00
137.00 147.50
136.50 147.50
136.00 148.00
135.50 148.00
135.00 148.00
134.50 148.50
134.00 148.50
133.50 148.50
133.00 149.00
132.50 149.00
132.00 149.00
131.50 149.00
131.00 149.00
130.50 149.50
130.00 149.50
129.50 149.50
129.00 149.50
128.50 150.00
128.00 150.00
127.50 150.00
127.00 150.00
126.50 150.00
126.00 150.00
125.50 150.00
125.00 150.50
124.50 150.50
124.00 150.50
123.50 150.50
123.00 150.50
122.50 150.50
122.00 151.00
121.50 151.00
121.00 151.00
120.50 151.00
120.00 151.00
119.50 151.00
119.00 151.00
118.50 151.00
118.00 151.00
117.50 151.00
117.00 151.00
116.50 151.00
116.00 151.00
115.50 151.00
115.00 151.00
114.50 151.00
114.00 151.00
113.50 151.00
113.00 151.00
112.50 151.00
112.00 151.00
111.50 151.00
111.00 150.50
110.50 150.50
110.00 150.50
109.50 150.50
109.00 150.00
108.50 150.00
108.00 149.50
107.50 149.50
107.00 149.50
106.50 149.00
106.00 149.00
105.50 148.50
105.00 148.00
104.50 148.00
104.00 147.50
103.50 147.00
103.00 146.50
102.50 146.00
102.00 145.50
101.50 145.00
101.50 144.50
101.00 144.00
100.50 143.50
100.00 143.00
100.00 142.50
99.50 142.00
99.50 141.50
99.00 141.00
99.00 140.50
98.50 140.00
98.50 139.50
98.00 139.00
98.00 138.50
98.00 138.00
98.00 137.50
97.50 137.00
97.50 136.50
97.50 136.00
97.50 135.50
97.50 135.00
97.50 134.50
97.50 134.00
97.50 133.50
97.50 133.00
97.00 132.50
97.00 132.00
97.50 131.50
97.50 131.00
97.50 130.50
97.50 130.00
97.50 129.50
97.50 129.00
97.50 128.50
97.50 128.00
97.50 127.50
98.00 127.00
98.00 126.50
98.00 126.00
98.00 125.50
98.00 125.00
98.50 124.50
98.50 124.00
98.50 123.50
98.50 123.00
99.00 122.50
99.00 122.00
99.00 121.50
99.50 121.00
99.50 120.50
99.50 120.00
100.00 119.50
100.00 119.00
100.00 118.50
100.50 118.00
100.50 117.50
101.00 117.00
101.00 116.50
101.00 116.00
101.50 115.50
101.50 115.00
102.00 114.50
102.00 114.00
102.50 113.50
103.00 113.00
103.00 112.50
103.00 112.00
103.50 111.50
104.00 111.00
104.50 110.50
105.00 110.00
105.00 109.50
105.00 109.00
105.50 108.50
106.00 108.00
106.50 107.50
107.00 107.00
107.50 106.50
108.00 106.00
108.50 106.00
109.00 105.50
109.50 105.50
110.00 105.00
110.50 104.50
111.00 104.50
111.50 104.50
112.00 104.00
112.50 104.00
113.00 104.00
113.50 104.00
114.00 103.50
