113.50 115.00
114.00 115.00
114.50 114.50
115.00 114.50
115.50 114.00
116.00 114.00
116.50 114.00
117.00 113.50
117.50 113.50
118.00 113.00
118.50 113.00
119.00 113.00
119.50 112.50
120.00 112.50
120.50 112.50
121.00 112.50
121.50 112.50
122.00 112.00
122.50 112.00
123.00 112.00
123.50 112.00
124.00 112.00
124.50 112.00
125.00 112.50
125.50 112.50
126.00 112.50
126.50 113.00
127.00 113.50
127.50 113.50
128.00 114.00
128.50 114.50
129.00 115.00
129.50 115.50
130.00 116.00
130.00 116.50
130.50 117.00
131.00 117.50
131.00 118.00
131.50 118.50
131.50 119.00
132.00 119.50
132.00 120.00
132.00 120.50
132.50 121.00
132.50 121.50
132.50 122.00
132.50 122.50
132.50 123.00
132.50 123.50
132.50 124.00
132.50 124.50
132.50 125.00
132.50 125.50
132.50 126.00
132.50 126.50
132.50 127.00
132.50 127.50
132.50 128.00
132.00 128.50
132.00 129.00
132.00 129.50
131.50 130.00
131.50 130.50
131.50 131.00
131.00 131.50
131.00 132.00
130.50 132.50
130.50 133.00
130.00 133.50
129.50 134.00
129.50 134.50
129.00 135.00
128.50 135.50
128.00 136.00
128.00 136.50
127.50 137.00
127.00 137.50
126.50 138.00
126.00 138.50
125.50 138.50
125.00 139.00
124.50 139.50
124.00 139.50
123.50 140.00
123.00 140.00
122.50 140.00
122.00 140.50
121.50 140.50
121.00 140.50
120.50 140.50
120.00 141.00
119.50 141.00
119.00 141.00
118.50 141.00
118.00 141.00
117.50 141.00
117.00 141.00
116.50 141.00
116.00 140.50
115.50 140.50
115.00 140.50
114.50 140.50
114.00 140.50
113.50 140.00
113.00 140.00
112.50 139.50
112.00 139.50
111.50 139.50
111.00 139.00
110.50 138.50
110.00 138.50
109.50 138.00
109.00 137.50
108.50 137.00
108.00 136.50
107.50 136.00
107.50 135.50
107.00 135.00
107.00 134.50
106.50 134.00
106.50 133.50
106.50 133.00
106.00 132.50
106.00 132.00
106.00 131.50
105.50 131.00
105.50 130.50
105.50 130.00
105.50 129.50
105.50 129.00
105.50 128.50
105.50 128.00
105.50 127.50
105.50 127.00
105.50 126.50
105.50 126.00
105.50 125.50
105.50 125.00
105.50 124.50
105.50 124.00
105.50 123.50
106.00 123.00
106.00 122.50
106.00 122.00
106.00 121.50
106.50 121.00
106.50 120.50
107.00 120.00
107.00 119.50
107.50 119.00
107.50 118.50
108.00 118.00
108.50 117.50
109.00 117.00
109.50 116.50
110.00 116.50
110.50 116.00
111.00 116.00
111.50 116.00
112.00 115.50
112.50 115.50
113.00 115.50
