110.00 115.00
110.50 114.50
111.00 114.00
111.50 113.50
112.00 113.50
112.50 113.00
113.00 112.50
113.50 112.00
114.00 112.00
114.50 112.00
115.00 111.50
115.50 111.50
116.00 111.00
116.50 111.00
117.00 110.50
117.50 110.50
118.00 110.00
118.50 110.00
119.00 109.50
119.50 109.50
120.00 109.50
120.50 109.00
121.00 109.00
121.50 109.00
122.00 108.50
122.50 108.50
123.00 108.50
123.50 108.00
124.00 108.00
124.50 108.00
125.00 108.00
125.50 108.00
126.00 108.00
126.50 108.00
127.00 108.00
127.50 108.00
128.00 108.50
128.50 108.50
129.00 109.00
129.50 109.00
130.00 109.00
130.50 109.50
131.00 110.00
131.50 110.00
132.00 110.50
132.50 111.00
133.00 111.50
133.50 112.00
134.00 112.50
134.50 113.00
135.00 113.50
135.50 114.00
136.00 114.50
136.00 115.00
136.50 115.50
137.00 116.00
137.00 116.50
137.50 117.00
138.00 117.50
138.00 118.00
138.50 118.50
138.50 119.00
139.00 119.50
139.00 120.00
139.50 120.50
139.50 121.00
140.00 121.50
140.00 122.00
140.50 122.50
140.50 123.00
140.50 123.50
140.50 124.00
140.50 124.50
141.00 125.00
141.00 125.50
141.00 126.00
141.00 126.50
141.00 127.00
141.00 127.50
141.00 128.00
141.00 128.50
141.00 129.00
141.00 129.50
141.00 130.00
140.50 130.50
140.50 131.00
140.50 131.50
140.50 132.00
140.00 132.50
140.00 133.00
140.00 133.50
139.50 134.00
139.50 134.50
139.00 135.00
139.00 135.50
138.50 136.00
138.50 136.50
138.00 137.00
137.50 137.50
137.50 138.00
137.00 138.50
137.00 139.00
136.50 139.50
136.00 140.00
135.50 140.50
135.50 141.00
135.00 141.50
135.00 142.00
134.50 142.50
134.00 143.00
133.50 143.50
133.00 144.00
132.50 144.50
132.00 145.00
131.50 145.50
131.00 146.00
130.50 146.50
130.00 146.50
129.50 147.00
129.00 147.00
128.50 147.50
128.00 148.00
127.50 148.00
127.00 148.00
126.50 148.00
126.00 148.50
125.50 148.50
125.00 148.50
124.50 148.50
124.00 148.50
123.50 148.50
123.00 148.50
122.50 148.50
122.00 148.50
121.50 148.50
121.00 148.50
120.50 148.00
120.00 148.00
119.50 148.00
119.00 148.00
118.50 148.00
118.00 147.50
117.50 147.50
117.00 147.50
116.50 147.50
116.00 147.50
115.50 147.00
115.00 147.00
114.50 146.50
114.00 146.50
113.50 146.50
113.00 146.00
112.50 146.00
112.00 145.50
111.50 145.50
111.00 145.50
110.50 145.00
110.00 144.50
109.50 144.50
109.00 144.00
108.50 143.50
108.00 143.00
107.50 143.00
107.00 142.50
106.50 142.00
106.00 141.50
106.00 141.00
105.50 140.50
105.00 140.00
105.00 139.50
105.00 139.00
104.50 138.50
104.00 138.00
104.00 137.50
104.00 137.00
104.00 136.50
103.50 136.00
103.50 135.50
103.50 135.00
103.50 134.50
103.50 134.00
103.50 133.50
103.50 133.00
103.50 132.50
103.50 132.00
103.50 131.50
103.50 131.00
103.50 130.50
103.50 130.00
103.50 129.50
103.50 129.00
103.50 128.50
103.50 128.00
103.50 127.50
104.00 127.00
104.00 126.50
104.00 126.00
104.00 125.50
104.50 125.00
104.50 124.50
104.50 124.00
104.50 123.50
105.00 123.00
105.00 122.50
105.50 122.00
105.50 121.50
106.00 121.00
106.00 120.50
106.00 120.00
106.50 119.50
107.00 119.00
107.50 118.50
107.50 118.00
108.00 117.50
108.50 117.00
108.50 116.50
109.00 116.00
109.50 115.50
