119.00 106.50
119.50 106.50
120.00 106.00
120.50 106.00
121.00 106.00
121.50 105.50
122.00 105.50
122.50 105.50
123.00 105.50
123.50 105.00
124.00 105.00
124.50 105.00
125.00 105.00
125.50 105.00
126.00 105.00
126.50 104.50
127.00 104.50
127.50 104.50
128.00 104.50
128.50 104.50
129.00 104.50
129.50 104.50
130.00 104.50
130.50 104.50
131.00 104.50
131.50 105.00
132.00 105.00
132.50 105.00
133.00 105.00
133.50 105.50
134.00 105.50
134.50 105.50
135.00 106.00
135.50 106.00
136.00 106.50
136.50 106.50
137.00 107.00
137.50 107.00
138.00 107.50
138.50 108.00
139.00 108.50
139.50 108.50
140.00 109.00
140.50 109.50
141.00 110.00
141.50 110.50
142.00 111.00
142.50 111.50
143.00 112.00
143.00 112.50
143.50 113.00
144.00 113.50
144.50 114.00
144.50 114.50
145.00 115.00
145.50 115.50
145.50 116.00
146.00 116.50
146.00 117.00
146.50 117.50
147.00 118.00
147.00 118.50
147.00 119.00
147.50 119.50
147.50 120.00
148.00 120.50
148.00 121.00
148.00 121.50
148.50 122.00
148.50 122.50
148.50 123.00
148.50 123.50
149.00 124.00
149.00 124.50
149.00 125.00
149.00 125.50
149.00 126.00
149.00 126.50
149.00 127.00
149.00 127.50
149.00 128.00
149.00 128.50
149.00 129.00
149.00 129.50
149.00 130.00
148.50 130.50
148.50 131.00
148.50 131.50
148.50 132.00
148.00 132.50
148.00 133.00
148.00 133.50
147.50 134.00
147.00 134.50
147.00 135.00
146.50 135.50
146.50 136.00
146.00 136.50
145.50 137.00
145.50 137.50
145.00 138.00
144.50 138.50
144.00 139.00
144.00 139.50
143.50 140.00
143.00 140.50
142.50 141.00
142.00 141.50
141.50 142.00
141.00 142.50
140.50 142.50
140.00 143.00
139.50 143.50
139.00 144.00
138.50 144.00
138.00 144.50
137.50 145.00
137.00 145.00
136.50 145.50
136.00 146.00
135.50 146.00
135.00 146.50
134.50 146.50
134.00 146.50
133.50 147.00
133.00 147.00
132.50 147.50
132.00 147.50
131.50 147.50
131.00 148.00
130.50 148.00
130.00 148.00
129.50 148.00
129.00 148.50
128.50 148.50
128.00 148.50
127.50 148.50
127.00 149.00
126.50 149.00
126.00 149.00
125.50 149.00
125.00 149.00
124.50 149.00
124.00 149.00
123.50 149.50
123.00 149.50
122.50 149.50
122.00 149.50
121.50 149.50
121.00 149.50
120.50 149.50
120.00 149.50
119.50 149.50
119.00 149.00
118.50 149.00
118.00 149.00
117.50 149.00
117.00 149.00
116.50 149.00
116.00 149.00
115.50 148.50
115.00 148.50
114.50 148.50
114.00 148.50
113.50 148.00
113.00 148.00
112.50 148.00
112.00 147.50
111.50 147.50
111.00 147.50
110.50 147.00
110.00 147.00
109.50 146.50
109.00 146.50
108.50 146.00
108.00 145.50
107.50 145.00
107.00 145.00
106.50 144.50
106.00 144.00
105.50 143.50
105.00 143.00
105.00 142.50
104.50 142.00
104.00 141.50
104.00 141.00
104.00 140.50
103.50 140.00
103.50 139.50
103.50 139.00
103.00 138.50
103.00 138.00
103.00 137.50
102.50 137.00
102.50 136.50
102.50 136.00
102.50 135.50
102.50 135.00
102.50 134.50
102.50 134.00
102.00 133.50
102.00 133.00
102.00 132.50
102.00 132.00
102.00 131.50
102.00 131.00
102.00 130.50
102.00 130.00
102.00 129.50
102.00 129.00
102.00 128.50
102.00 128.00
102.00 127.50
102.00 127.00
102.00 126.50
102.00 126.00
102.00 125.50
102.00 125.00
102.00 124.50
102.00 124.00
102.00 123.50
102.00 123.00
102.00 122.50
102.00 122.00
102.00 121.50
102.50 121.00
102.50 120.50
102.50 120.00
102.50 119.50
103.00 119.00
103.00 118.50
103.00 118.00
103.50 117.50
104.00 117.00
104.00 116.50
104.50 116.00
104.50 115.50
105.00 115.00
105.50 114.50
106.00 114.00
106.50 113.50
107.00 113.00
107.50 112.50
108.00 112.00
108.50 111.50
109.00 111.50
109.50 111.00
110.00 110.50
110.50 110.50
111.00 110.00
111.50 109.50
112.00 109.50
112.50 109.50
113.00 109.00
113.50 108.50
114.00 108.50
114.50 108.00
115.00 108.00
115.50 108.00
116.00 107.50
116.50 107.50
117.00 107.00
117.50 107.00
118.00 107.00
118.50 106.50
