111.00 112.00
111.50 111.50
112.00 111.50
112.50 111.00
113.00 110.50
113.50 110.00
114.00 110.00
114.50 110.00
115.00 109.50
115.50 109.00
116.00 109.00
116.50 108.50
117.00 108.50
117.50 108.50
118.00 108.00
118.50 108.00
119.00 108.00
119.50 107.50
120.00 107.50
120.50 107.50
121.00 107.50
121.50 107.50
122.00 107.00
122.50 107.00
123.00 107.00
123.50 107.00
124.00 107.00
124.50 107.00
125.00 107.00
125.50 107.00
126.00 107.00
126.50 107.00
127.00 107.00
127.50 107.00
128.00 107.00
128.50 107.00
129.00 107.00
129.50 107.00
130.00 107.50
130.50 107.50
131.00 107.50
131.50 107.50
132.00 108.00
132.50 108.50
133.00 108.50
133.50 109.00
134.00 109.50
134.50 110.00
134.50 110.50
135.00 111.00
135.50 111.50
135.50 112.00
135.50 112.50
135.50 113.00
136.00 113.50
136.00 114.00
136.00 114.50
136.50 115.00
136.50 115.50
136.50 116.00
136.50 116.50
136.50 117.00
136.50 117.50
137.00 118.00
137.00 118.50
137.00 119.00
137.00 119.50
137.00 120.00
137.00 120.50
137.00 121.00
137.50 121.50
137.50 122.00
137.50 122.50
137.50 123.00
137.50 123.50
137.50 124.00
138.00 124.50
138.00 125.00
138.00 125.50
138.00 126.00
138.00 126.50
138.00 127.00
138.00 127.50
138.00 128.00
138.00 128.50
138.00 129.00
138.00 129.50
138.00 130.00
138.00 130.50
138.00 131.00
138.00 131.50
137.50 132.00
137.50 132.50
137.50 133.00
137.50 133.50
137.00 134.00
136.50 134.50
136.50 135.00
136.00 135.50
136.00 136.00
135.50 136.50
135.00 136.50
134.50 137.00
134.00 137.50
133.50 138.00
133.00 138.50
132.50 138.50
132.00 139.00
131.50 139.50
131.00 139.50
130.50 139.50
130.00 140.00
129.50 140.50
129.00 140.50
128.50 140.50
128.00 141.00
127.50 141.00
127.00 141.50
126.50 141.50
126.00 141.50
125.50 142.00
125.00 142.00
124.50 142.00
124.00 142.50
123.50 142.50
123.00 142.50
122.50 142.50
122.00 143.00
121.50 143.00
121.00 143.00
120.50 143.00
120.00 143.00
119.50 143.00
119.00 143.50
118.50 143.50
118.00 143.50
117.50 143.50
117.00 143.50
116.50 143.50
116.00 143.50
115.50 143.50
115.00 143.00
114.50 143.00
114.00 143.00
113.50 143.00
113.00 143.00
112.50 142.50
112.00 142.50
111.50 142.00
111.00 142.00
110.50 142.00
110.00 141.50
109.50 141.00
109.00 140.50
108.50 140.50
108.00 140.00
107.50 139.50
107.00 139.00
106.50 138.50
106.50 138.00
106.00 137.50
106.00 137.00
105.50 136.50
105.00 136.00
105.00 135.50
104.50 135.00
104.50 134.50
104.50 134.00
104.00 133.50
104.00 133.00
104.00 132.50
103.50 132.00
103.50 131.50
103.50 131.00
103.50 130.50
103.50 130.00
103.50 129.50
103.00 129.00
103.00 128.50
103.00 128.00
103.00 127.50
103.00 127.00
103.00 126.50
103.00 126.00
103.50 125.50
103.50 125.00
103.50 124.50
103.50 124.00
103.50 123.50
104.00 123.00
104.00 122.50
104.00 122.00
104.00 121.50
104.50 121.00
104.50 120.50
105.00 120.00
105.00 119.50
105.00 119.00
105.50 118.50
106.00 118.00
106.00 117.50
106.50 117.00
106.50 116.50
107.00 116.00
107.50 115.50
108.00 115.00
108.50 114.50
109.00 114.00
109.50 113.50
110.00 113.00
110.50 112.50
