105.00 116.00
105.50 115.50
106.00 115.00
106.50 114.50
107.00 114.00
107.50 113.50
108.00 113.00
108.50 112.50
109.00 112.00
109.50 111.50
110.00 111.50
110.50 111.00
111.00 110.50
111.50 110.00
112.00 109.50
112.50 109.50
113.00 109.00
113.50 109.00
114.00 108.50
114.50 108.50
115.00 108.00
115.50 107.50
116.00 107.50
116.50 107.50
117.00 107.00
117.50 107.00
118.00 106.50
118.50 106.50
119.00 106.50
119.50 106.50
120.00 106.00
120.50 106.00
121.00 106.00
121.50 106.00
122.00 105.50
122.50 105.50
123.00 105.50
123.50 105.50
124.00 105.50
124.50 105.50
125.00 105.50
125.50 105.50
126.00 105.50
126.50 105.50
127.00 105.50
127.50 105.50
128.00 105.50
128.50 105.50
129.00 105.50
129.50 105.50
130.00 105.50
130.50 105.50
131.00 106.00
131.50 106.00
132.00 106.00
132.50 106.00
133.00 106.00
133.50 106.50
134.00 106.50
134.50 107.00
135.00 107.00
135.50 107.00
136.00 107.50
136.50 107.50
137.00 108.00
137.50 108.00
138.00 108.00
138.50 108.50
139.00 109.00
139.50 109.00
140.00 109.50
140.50 109.50
141.00 110.00
141.50 110.50
142.00 111.00
142.50 111.50
143.00 111.50
143.50 112.00
144.00 112.50
144.50 113.00
145.00 113.50
145.50 114.00
146.00 114.50
146.50 115.00
147.00 115.50
147.00 116.00
147.50 116.50
148.00 117.00
148.00 117.50
148.50 118.00
148.50 118.50
149.00 119.00
149.00 119.50
149.50 120.00
149.50 120.50
149.50 121.00
150.00 121.50
150.00 122.00
150.00 122.50
150.00 123.00
150.50 123.50
150.50 124.00
150.50 124.50
150.50 125.00
150.50 125.50
150.50 126.00
150.50 126.50
150.50 127.00
150.50 127.50
150.50 128.00
150.50 128.50
150.50 129.00
150.50 129.50
150.50 130.00
150.50 130.50
150.50 131.00
150.00 131.50
150.00 132.00
150.00 132.50
150.00 133.00
149.50 133.50
149.50 134.00
149.50 134.50
149.00 135.00
148.50 135.50
148.50 136.00
148.00 136.50
148.00 137.00
147.50 137.50
147.00 138.00
146.50 138.50
146.00 139.00
145.50 139.50
145.00 140.00
144.50 140.50
144.00 141.00
143.50 141.50
143.00 142.00
142.50 142.00
142.00 142.50
141.50 143.00
141.00 143.50
140.50 144.00
140.00 144.00
139.50 144.50
139.00 145.00
138.50 145.00
138.00 145.50
137.50 146.00
137.00 146.00
136.50 146.50
136.00 147.00
135.50 147.00
135.00 147.50
134.50 148.00
134.00 148.00
133.50 148.00
133.00 148.50
132.50 149.00
132.00 149.00
131.50 149.50
131.00 149.50
130.50 150.00
130.00 150.00
129.50 150.00
129.00 150.50
128.50 150.50
128.00 151.00
127.50 151.00
127.00 151.00
126.50 151.50
126.00 151.50
125.50 151.50
125.00 152.00
124.50 152.00
124.00 152.00
123.50 152.00
123.00 152.00
122.50 152.50
122.00 152.50
121.50 152.50
121.00 152.50
120.50 152.50
120.00 152.50
119.50 152.50
119.00 152.50
118.50 152.50
118.00 152.50
117.50 152.50
117.00 152.50
116.50 152.50
116.00 152.50
115.50 152.50
115.00 152.50
114.50 152.50
114.00 152.00
113.50 152.00
113.00 152.00
112.50 152.00
112.00 151.50
111.50 151.50
111.00 151.50
110.50 151.50
110.00 151.00
109.50 151.00
109.00 150.50
108.50 150.50
108.00 150.00
107.50 150.00
107.00 149.50
106.50 149.00
106.00 149.00
105.50 148.50
105.00 148.00
104.50 148.00
104.00 147.50
103.50 147.00
103.00 146.50
102.50 146.00
102.00 145.50
101.50 145.00
101.00 144.50
101.00 144.00
100.50 143.50
100.50 143.00
100.00 142.50
99.50 142.00
99.50 141.50
99.00 141.00
99.00 140.50
99.00 140.00
98.50 139.50
98.50 139.00
98.50 138.50
98.50 138.00
98.00 137.50
98.00 137.00
98.00 136.50
98.00 136.00
98.00 135.50
98.00 135.00
98.00 134.50
98.00 134.00
98.00 133.50
98.00 133.00
98.00 132.50
98.00 132.00
98.00 131.50
98.50 131.00
98.50 130.50
98.50 130.00
98.50 129.50
98.50 129.00
99.00 128.50
99.00 128.00
99.00 127.50
99.50 127.00
99.50 126.50
99.50 126.00
100.00 125.50
100.00 125.00
100.00 124.50
100.50 124.00
100.50 123.50
100.50 123.00
101.00 122.50
101.00 122.00
101.50 121.50
102.00 121.00
102.00 120.50
102.50 120.00
102.50 119.50
103.00 119.00
103.00 118.50
103.50 118.00
104.00 117.50
104.50 117.00
104.50 116.50
