107.00 115.50
107.50 115.00
108.00 114.50
108.50 114.00
109.00 113.50
109.50 113.50
110.00 113.50
110.50 113.00
111.00 112.50
111.50 112.00
112.00 112.00
112.50 112.00
113.00 111.50
113.50 111.00
114.00 111.00
114.50 111.00
115.00 110.50
115.50 110.50
116.00 110.50
116.50 110.00
117.00 110.00
117.50 110.00
118.00 109.50
118.50 109.50
119.00 109.50
119.50 109.50
120.00 109.50
120.50 109.50
121.00 109.50
121.50 109.50
122.00 109.00
122.50 109.00
123.00 109.00
123.50 109.50
124.00 109.50
124.50 109.50
125.00 109.50
125.50 109.50
126.00 109.50
126.50 110.00
127.00 110.00
127.50 110.50
128.00 110.50
128.50 110.50
129.00 111.00
129.50 111.00
130.00 111.50
130.50 112.00
131.00 112.50
131.50 113.00
132.00 113.50
132.50 114.00
133.00 114.50
133.50 115.00
134.00 115.50
134.00 116.00
134.50 116.50
135.00 117.00
135.00 117.50
135.00 118.00
135.50 118.50
135.50 119.00
136.00 119.50
136.00 120.00
136.00 120.50
136.00 121.00
136.00 121.50
136.00 122.00
136.50 122.50
136.50 123.00
136.50 123.50
136.50 124.00
136.50 124.50
136.50 125.00
136.50 125.50
136.00 126.00
136.00 126.50
136.00 127.00
136.00 127.50
136.00 128.00
136.00 128.50
136.00 129.00
136.00 129.50
136.00 130.00
136.00 130.50
135.50 131.00
135.50 131.50
135.50 132.00
135.50 132.50
135.50 133.00
135.00 133.50
135.00 134.00
135.00 134.50
134.50 135.00
134.50 135.50
134.00 136.00
134.00 136.50
133.50 137.00
133.50 137.50
133.00 138.00
132.50 138.50
132.00 139.00
131.50 139.50
131.00 139.50
130.50 140.00
130.00 140.50
129.50 140.50
129.00 141.00
128.50 141.00
128.00 141.50
127.50 141.50
127.00 142.00
126.50 142.00
126.00 142.50
125.50 142.50
125.00 143.00
124.50 143.00
124.00 143.00
123.50 143.50
123.00 143.50
122.50 144.00
122.00 144.00
121.50 144.00
121.00 144.50
120.50 144.50
120.00 144.50
119.50 144.50
119.00 144.50
118.50 145.00
118.00 145.00
117.50 145.00
117.00 145.00
116.50 145.00
116.00 145.00
115.50 145.00
115.00 145.00
114.50 145.00
114.00 145.00
113.50 145.00
113.00 144.50
112.50 144.50
112.00 144.50
111.50 144.50
111.00 144.00
110.50 144.00
110.00 144.00
109.50 143.50
109.00 143.50
108.50 143.00
108.00 143.00
107.50 142.50
107.00 142.00
106.50 141.50
106.00 141.00
105.50 140.50
105.00 140.00
104.50 139.50
104.00 139.00
103.50 138.50
103.00 138.00
102.50 137.50
102.50 137.00
102.50 136.50
102.00 136.00
101.50 135.50
101.50 135.00
101.50 134.50
101.00 134.00
101.00 133.50
101.00 133.00
101.00 132.50
101.00 132.00
101.00 131.50
100.50 131.00
100.50 130.50
100.50 130.00
100.50 129.50
100.50 129.00
100.50 128.50
100.50 128.00
101.00 127.50
101.00 127.00
101.00 126.50
101.00 126.00
101.00 125.50
101.00 125.00
101.50 124.50
101.50 124.00
101.50 123.50
102.00 123.00
102.00 122.50
102.00 122.00
102.50 121.50
102.50 121.00
103.00 120.50
103.00 120.00
103.50 119.50
104.00 119.00
104.50 118.50
105.00 118.00
105.00 117.50
105.50 117.00
106.00 116.50
106.50 116.00
