108.00 115.50
108.50 115.00
109.00 115.00
109.50 114.50
110.00 114.50
110.50 114.00
111.00 114.00
111.50 114.00
112.00 113.50
112.50 113.50
113.00 113.50
113.50 113.50
114.00 113.50
114.50 113.50
115.00 113.00
115.50 113.00
116.00 113.00
116.50 113.00
117.00 113.00
117.50 113.00
118.00 113.00
118.50 113.00
119.00 113.00
119.50 113.50
120.00 113.50
120.50 113.50
121.00 113.50
121.50 113.50
122.00 113.50
122.50 114.00
123.00 114.00
123.50 114.00
124.00 114.00
124.50 114.00
125.00 114.50
125.50 114.50
126.00 115.00
126.50 115.00
127.00 115.00
127.50 115.00
128.00 115.50
128.50 116.00
129.00 116.00
129.50 116.00
130.00 116.50
130.50 116.50
131.00 117.00
131.50 117.00
132.00 117.50
132.50 118.00
133.00 118.50
133.50 119.00
134.00 119.00
134.50 119.50
134.50 120.00
135.00 120.50
135.50 121.00
136.00 121.50
136.50 122.00
136.50 122.50
136.50 123.00
137.00 123.50
137.00 124.00
137.50 124.50
137.50 125.00
137.50 125.50
138.00 126.00
138.00 126.50
138.00 127.00
138.50 127.50
138.50 128.00
138.50 128.50
138.50 129.00
138.50 129.50
138.50 130.00
138.50 130.50
138.50 131.00
138.50 131.50
138.50 132.00
138.50 132.50
138.50 133.00
138.50 133.50
138.50 134.00
138.00 134.50
138.00 135.00
138.00 135.50
138.00 136.00
137.50 136.50
137.50 137.00
137.00 137.50
137.00 138.00
137.00 138.50
136.50 139.00
136.50 139.50
136.00 140.00
136.00 140.50
135.50 141.00
135.00 141.50
134.50 142.00
134.50 142.50
134.00 143.00
133.50 143.00
133.00 143.50
132.50 144.00
132.00 144.50
131.50 144.50
131.00 145.00
130.50 145.00
130.00 145.50
129.50 145.50
129.00 146.00
128.50 146.00
128.00 146.00
127.50 146.00
127.00 146.50
126.50 146.50
126.00 146.50
125.50 146.50
125.00 146.50
124.50 146.50
124.00 146.50
123.50 146.50
123.00 146.50
122.50 146.50
122.00 146.50
121.50 146.50
121.00 146.50
120.50 146.50
120.00 146.50
119.50 146.50
119.00 146.50
118.50 146.50
118.00 146.50
117.50 146.00
117.00 146.00
116.50 146.00
116.00 146.00
115.50 146.00
115.00 145.50
114.50 145.50
114.00 145.50
113.50 145.50
113.00 145.00
112.50 145.00
112.00 144.50
111.50 144.50
111.00 144.00
110.50 144.00
110.00 144.00
109.50 143.50
109.00 143.00
108.50 142.50
108.00 142.50
107.50 142.00
107.00 141.50
106.50 141.00
106.00 140.50
105.50 140.00
105.00 139.50
105.00 139.00
104.50 138.50
104.00 138.00
104.00 137.50
103.50 137.00
103.50 136.50
103.00 136.00
103.00 135.50
102.50 135.00
102.50 134.50
102.50 134.00
102.00 133.50
102.00 133.00
102.00 132.50
102.00 132.00
102.00 131.50
101.50 131.00
101.50 130.50
101.50 130.00
101.50 129.50
101.50 129.00
101.50 128.50
101.50 128.00
101.50 127.50
101.50 127.00
101.50 126.50
101.50 126.00
101.50 125.50
102.00 125.00
102.00 124.50
102.00 124.00
102.00 123.50
102.50 123.00
102.50 122.50
103.00 122.00
103.00 121.50
103.00 121.00
103.50 120.50
104.00 120.00
104.00 119.50
104.50 119.00
105.00 118.50
105.00 118.00
105.50 117.50
106.00 117.00
106.50 116.50
107.00 116.00
107.50 116.00
