106.50 109.00
107.00 108.50
107.50 108.50
108.00 108.50
108.50 108.00
109.00 107.50
109.50 107.50
110.00 107.50
110.50 107.00
111.00 107.00
111.50 107.00
112.00 107.00
112.50 107.00
113.00 106.50
113.50 106.50
114.00 106.50
114.50 106.50
115.00 106.50
115.50 106.50
116.00 106.50
116.50 106.50
117.00 106.50
117.50 106.50
118.00 106.50
118.50 106.00
119.00 106.00
119.50 106.00
120.00 106.00
120.50 106.00
121.00 106.00
121.50 106.00
122.00 106.00
122.50 106.00
123.00 106.00
123.50 106.00
124.00 106.00
124.50 106.00
125.00 106.00
125.50 106.00
126.00 105.50
126.50 105.50
127.00 105.50
127.50 105.50
128.00 105.50
128.50 105.50
129.00 105.50
129.50 105.50
130.00 105.50
130.50 105.50
131.00 105.50
131.50 105.50
132.00 105.50
132.50 105.50
133.00 105.50
133.50 105.50
134.00 105.50
134.50 105.50
135.00 106.00
135.50 106.00
136.00 106.00
136.50 106.00
137.00 106.50
137.50 106.50
138.00 107.00
138.50 107.00
139.00 107.00
139.50 107.50
140.00 108.00
140.50 108.00
141.00 108.50
141.50 109.00
142.00 109.50
142.50 109.50
143.00 110.00
143.50 110.50
144.00 111.00
144.50 111.50
145.00 112.00
145.50 112.50
146.00 113.00
146.00 113.50
146.50 114.00
147.00 114.50
147.00 115.00
147.50 115.50
148.00 116.00
148.00 116.50
148.50 117.00
148.50 117.50
149.00 118.00
149.00 118.50
149.50 119.00
149.50 119.50
149.50 120.00
150.00 120.50
150.00 121.00
150.00 121.50
150.50 122.00
150.50 122.50
150.50 123.00
150.50 123.50
151.00 124.00
151.00 124.50
151.00 125.00
151.00 125.50
151.00 126.00
151.00 126.50
151.00 127.00
151.00 127.50
151.00 128.00
151.00 128.50
151.00 129.00
151.00 129.50
151.00 130.00
151.00 130.50
151.00 131.00
151.00 131.50
151.00 132.00
150.50 132.50
150.50 133.00
150.50 133.50
150.00 134.00
150.00 134.50
150.00 135.00
149.50 135.50
149.50 136.00
149.50 136.50
149.00 137.00
148.50 137.50
148.50 138.00
148.00 138.50
147.50 139.00
147.50 139.50
147.00 140.00
147.00 140.50
146.50 141.00
146.00 141.50
145.50 142.00
145.00 142.50
144.50 143.00
144.00 143.50
143.50 144.00
143.00 144.50
142.50 144.50
142.00 145.00
141.50 145.50
141.00 146.00
140.50 146.00
140.00 146.50
139.50 146.50
139.00 147.00
138.50 147.00
138.00 147.50
137.50 147.50
137.00 148.00
136.50 148.00
136.00 148.50
135.50 148.50
135.00 148.50
134.50 149.00
134.00 149.00
133.50 149.00
133.00 149.50
132.50 149.50
132.00 149.50
131.50 150.00
131.00 150.00
130.50 150.00
130.00 150.00
129.50 150.50
129.00 150.50
128.50 150.50
128.00 150.50
127.50 150.50
127.00 151.00
126.50 151.00
126.00 151.00
125.50 151.00
125.00 151.00
124.50 151.00
124.00 151.00
123.50 151.00
123.00 151.00
122.50 151.50
122.00 151.50
121.50 151.50
121.00 151.50
120.50 151.50
120.00 151.50
119.50 151.50
119.00 151.50
118.50 151.50
118.00 151.50
117.50 151.00
117.00 151.00
116.50 151.00
116.00 151.00
115.50 151.00
115.00 151.00
114.50 151.00
114.00 151.00
113.50 150.50
113.00 150.50
112.50 150.50
112.00 150.50
111.50 150.00
111.00 150.00
110.50 150.00
110.00 149.50
109.50 149.50
109.00 149.50
108.50 149.00
108.00 149.00
107.50 148.50
107.00 148.50
106.50 148.00
106.00 148.00
105.50 147.50
105.00 147.00
104.50 146.50
104.00 146.50
103.50 146.00
103.00 145.50
102.50 145.00
102.00 144.50
101.50 144.00
101.00 143.50
101.00 143.00
100.50 142.50
100.50 142.00
100.00 141.50
100.00 141.00
100.00 140.50
99.50 140.00
99.50 139.50
99.50 139.00
99.50 138.50
99.00 138.00
99.00 137.50
99.00 137.00
99.00 136.50
99.00 136.00
99.00 135.50
99.00 135.00
98.50 134.50
98.50 134.00
98.50 133.50
98.50 133.00
98.50 132.50
98.50 132.00
98.50 131.50
98.50 131.00
98.50 130.50
98.50 130.00
98.50 129.50
98.50 129.00
98.50 128.50
98.50 128.00
98.50 127.50
98.50 127.00
98.50 126.50
98.50 126.00
98.50 125.50
98.50 125.00
98.50 124.50
98.50 124.00
98.50 123.50
98.50 123.00
99.00 122.50
99.00 122.00
99.00 121.50
99.00 121.00
99.00 120.50
99.00 120.00
99.50 119.50
99.50 119.00
99.50 118.50
99.50 118.00
100.00 117.50
100.50 117.00
100.50 116.50
100.50 116.00
101.00 115.50
101.00 115.00
101.50 114.50
102.00 114.00
102.00 113.50
102.50 113.00
102.50 112.50
103.00 112.00
103.50 111.50
104.00 111.00
104.50 110.50
105.00 110.00
105.50 110.00
106.00 109.50
