110.50 114.50
111.00 114.00
111.50 114.00
112.00 114.00
112.50 113.50
113.00 113.50
113.50 113.50
114.00 113.00
114.50 113.00
115.00 113.00
115.50 112.50
116.00 112.50
116.50 112.50
117.00 112.50
117.50 112.50
118.00 112.50
118.50 112.50
119.00 112.50
119.50 112.50
120.00 112.50
120.50 112.50
121.00 112.50
121.50 113.00
122.00 113.00
122.50 113.00
123.00 113.50
123.50 113.50
124.00 114.00
124.50 114.50
125.00 115.00
125.50 115.50
126.00 116.00
126.50 116.50
126.50 117.00
127.00 117.50
127.50 118.00
127.50 118.50
128.00 119.00
128.50 119.50
128.50 120.00
129.00 120.50
129.00 121.00
129.50 121.50
129.50 122.00
130.00 122.50
130.00 123.00
130.00 123.50
130.50 124.00
130.50 124.50
130.50 125.00
131.00 125.50
131.00 126.00
131.00 126.50
131.00 127.00
131.00 127.50
131.00 128.00
131.00 128.50
131.00 129.00
131.00 129.50
131.00 130.00
130.50 130.50
130.50 131.00
130.50 131.50
130.00 132.00
130.00 132.50
129.50 133.00
129.50 133.50
129.00 134.00
128.50 134.50
128.00 135.00
127.50 135.50
127.00 136.00
126.50 136.50
126.00 137.00
125.50 137.50
125.00 138.00
124.50 138.00
124.00 138.50
123.50 139.00
123.00 139.00
122.50 139.50
122.00 139.50
121.50 140.00
121.00 140.00
120.50 140.00
120.00 140.50
119.50 140.50
119.00 140.50
118.50 140.50
118.00 141.00
117.50 141.00
117.00 141.00
116.50 141.00
116.00 141.00
115.50 141.00
115.00 141.00
114.50 141.00
114.00 141.00
113.50 141.00
113.00 141.00
112.50 141.00
112.00 141.00
111.50 141.00
111.00 140.50
110.50 140.50
110.00 140.50
109.50 140.50
109.00 140.00
108.50 139.50
108.00 139.50
107.50 139.50
107.00 139.00
106.50 138.50
106.00 138.00
105.50 137.50
105.00 137.00
104.50 136.50
104.00 136.00
103.50 135.50
103.50 135.00
103.00 134.50
103.00 134.00
102.50 133.50
102.50 133.00
102.00 132.50
102.00 132.00
102.00 131.50
102.00 131.00
101.50 130.50
101.50 130.00
101.50 129.50
101.50 129.00
101.50 128.50
101.50 128.00
101.50 127.50
101.50 127.00
101.50 126.50
101.50 126.00
102.00 125.50
102.00 125.00
102.00 124.50
102.00 124.00
102.50 123.50
102.50 123.00
102.50 122.50
103.00 122.00
103.00 121.50
103.50 121.00
104.00 120.50
104.00 120.00
104.50 119.50
105.00 119.00
105.50 118.50
106.00 118.00
106.50 117.50
107.00 117.00
107.50 116.50
108.00 116.00
108.50 116.00
109.00 115.50
109.50 115.00
110.00 114.50
