114.00 113.50
114.50 113.00
115.00 113.00
115.50 112.50
116.00 112.50
116.50 112.00
117.00 112.00
117.50 111.50
118.00 111.50
118.50 111.50
119.00 111.00
119.50 111.00
120.00 111.00
120.50 111.00
121.00 110.50
121.50 110.50
122.00 110.50
122.50 110.50
123.00 110.00
123.50 110.00
124.00 110.00
124.50 110.00
125.00 110.00
125.50 110.00
126.00 110.00
126.50 110.00
127.00 110.00
127.50 110.00
128.00 110.00
128.50 110.00
129.00 110.00
129.50 110.00
130.00 110.00
130.50 110.00
131.00 110.50
131.50 110.50
132.00 110.50
132.50 110.50
133.00 111.00
133.50 111.00
134.00 111.50
134.50 112.00
135.00 112.50
135.50 112.50
136.00 113.00
136.50 113.50
137.00 114.00
137.50 114.50
137.50 115.00
138.00 115.50
138.00 116.00
138.50 116.50
139.00 117.00
139.00 117.50
139.50 118.00
139.50 118.50
140.00 119.00
140.00 119.50
140.00 120.00
140.50 120.50
141.00 121.00
141.00 121.50
141.00 122.00
141.50 122.50
141.50 123.00
141.50 123.50
142.00 124.00
142.00 124.50
142.00 125.00
142.50 125.50
142.50 126.00
142.50 126.50
142.50 127.00
142.50 127.50
142.50 128.00
142.50 128.50
142.50 129.00
142.50 129.50
142.50 130.00
142.50 130.50
142.50 131.00
142.00 131.50
142.00 132.00
142.00 132.50
141.50 133.00
141.50 133.50
141.50 134.00
141.00 134.50
140.50 135.00
140.50 135.50
140.00 136.00
139.50 136.50
139.00 137.00
138.50 137.50
138.00 138.00
137.50 138.50
137.00 139.00
136.50 139.50
136.00 139.50
135.50 140.00
135.00 140.50
134.50 140.50
134.00 141.00
133.50 141.00
133.00 141.50
132.50 141.50
132.00 142.00
131.50 142.00
131.00 142.50
130.50 142.50
130.00 142.50
129.50 143.00
129.00 143.00
128.50 143.00
128.00 143.50
127.50 143.50
127.00 143.50
126.50 144.00
126.00 144.00
125.50 144.00
125.00 144.00
124.50 144.50
124.00 144.50
123.50 144.50
123.00 144.50
122.50 145.00
122.00 145.00
121.50 145.00
121.00 145.50
120.50 145.50
120.00 145.50
119.50 145.50
119.00 145.50
118.50 145.50
118.00 146.00
117.50 146.00
117.00 146.00
116.50 146.00
116.00 146.00
115.50 146.00
115.00 146.00
114.50 146.00
114.00 146.00
113.50 146.00
113.00 146.00
112.50 145.50
112.00 145.50
111.50 145.50
111.00 145.00
110.50 144.50
110.00 144.00
109.50 143.50
109.00 143.00
108.50 142.50
108.00 142.00
107.50 141.50
107.50 141.00
107.00 140.50
106.50 140.00
106.50 139.50
106.50 139.00
106.50 138.50
106.00 138.00
106.00 137.50
105.50 137.00
105.50 136.50
105.50 136.00
105.50 135.50
105.00 135.00
105.00 134.50
105.00 134.00
105.00 133.50
105.00 133.00
104.50 132.50
104.50 132.00
104.50 131.50
104.50 131.00
104.50 130.50
104.50 130.00
104.50 129.50
104.50 129.00
104.50 128.50
104.50 128.00
104.50 127.50
104.50 127.00
104.50 126.50
104.50 126.00
104.50 125.50
105.00 125.00
105.00 124.50
105.00 124.00
105.00 123.50
105.50 123.00
105.50 122.50
105.50 122.00
106.00 121.50
106.50 121.00
106.50 120.50
107.00 120.00
107.00 119.50
107.50 119.00
108.00 118.50
108.50 118.00
109.00 117.50
109.50 117.00
110.00 116.50
110.50 116.00
111.00 115.50
111.50 115.00
112.00 114.50
112.50 114.50
113.00 114.50
113.50 114.00
