109.00 114.00
109.50 113.50
110.00 113.00
110.50 112.50
111.00 112.50
111.50 112.00
112.00 111.50
112.50 111.00
113.00 111.00
113.50 110.50
114.00 110.50
114.50 110.00
115.00 110.00
115.50 109.50
116.00 109.50
116.50 109.00
117.00 109.00
117.50 108.50
118.00 108.50
118.50 108.00
119.00 108.00
119.50 108.00
120.00 107.50
120.50 107.50
121.00 107.50
121.50 107.00
122.00 107.00
122.50 107.00
123.00 106.50
123.50 106.50
124.00 106.50
124.50 106.50
125.00 106.00
125.50 106.00
126.00 106.00
126.50 106.00
127.00 106.00
127.50 106.00
128.00 106.00
128.50 105.50
129.00 105.50
129.50 105.50
130.00 105.50
130.50 105.50
131.00 106.00
131.50 106.00
132.00 106.00
132.50 106.00
133.00 106.00
133.50 106.00
134.00 106.50
134.50 106.50
135.00 107.00
135.50 107.00
136.00 107.00
136.50 107.50
137.00 107.50
137.50 108.00
138.00 108.50
138.50 108.50
139.00 109.00
139.50 109.50
140.00 109.50
140.50 110.00
141.00 110.50
141.50 111.00
142.00 111.50
142.50 112.00
143.00 112.50
143.50 113.00
144.00 113.50
144.00 114.00
144.50 114.50
145.00 115.00
145.00 115.50
145.50 116.00
146.00 116.50
146.00 117.00
146.50 117.50
146.50 118.00
147.00 118.50
147.00 119.00
147.00 119.50
147.50 120.00
147.50 120.50
147.50 121.00
148.00 121.50
148.00 122.00
148.00 122.50
148.50 123.00
148.50 123.50
148.50 124.00
148.50 124.50
148.50 125.00
149.00 125.50
149.00 126.00
149.00 126.50
149.00 127.00
149.00 127.50
149.00 128.00
149.00 128.50
149.00 129.00
149.00 129.50
149.00 130.00
149.00 130.50
149.00 131.00
149.00 131.50
149.00 132.00
149.00 132.50
148.50 133.00
148.50 133.50
148.50 134.00
148.50 134.50
148.50 135.00
148.00 135.50
148.00 136.00
148.00 136.50
148.00 137.00
147.50 137.50
147.50 138.00
147.50 138.50
147.00 139.00
147.00 139.50
146.50 140.00
146.50 140.50
146.00 141.00
146.00 141.50
145.50 142.00
145.00 142.50
144.50 143.00
144.50 143.50
144.00 144.00
143.50 144.50
143.00 145.00
142.50 145.50
142.00 146.00
141.50 146.00
141.00 146.50
140.50 146.50
140.00 147.00
139.50 147.00
139.00 147.50
138.50 147.50
138.00 148.00
137.50 148.00
137.00 148.50
136.50 148.50
136.00 148.50
135.50 149.00
135.00 149.00
134.50 149.00
134.00 149.00
133.50 149.00
133.00 149.50
132.50 149.50
132.00 149.50
131.50 149.50
131.00 149.50
130.50 150.00
130.00 150.00
129.50 150.00
129.00 150.00
128.50 150.00
128.00 150.50
127.50 150.50
127.00 150.50
126.50 150.50
126.00 150.50
125.50 150.50
125.00 150.50
124.50 151.00
124.00 151.00
123.50 151.00
123.00 151.00
122.50 151.00
122.00 151.00
121.50 151.50
121.00 151.50
120.50 151.50
120.00 151.50
119.50 151.50
119.00 151.50
118.50 151.50
118.00 151.50
117.50 151.50
117.00 151.50
116.50 151.50
116.00 151.50
115.50 151.50
115.00 151.50
114.50 151.50
114.00 151.50
113.50 151.00
113.00 151.00
112.50 151.00
112.00 151.00
111.50 150.50
111.00 150.50
110.50 150.50
110.00 150.00
109.50 150.00
109.00 149.50
108.50 149.50
108.00 149.00
107.50 148.50
107.00 148.00
106.50 148.00
106.00 147.50
105.50 147.00
105.00 146.50
104.50 146.00
104.00 145.50
103.50 145.00
103.00 144.50
102.50 144.00
102.50 143.50
102.00 143.00
102.00 142.50
101.50 142.00
101.50 141.50
101.00 141.00
101.00 140.50
100.50 140.00
100.50 139.50
100.50 139.00
100.00 138.50
100.00 138.00
100.00 137.50
100.00 137.00
99.50 136.50
99.50 136.00
99.50 135.50
99.50 135.00
99.50 134.50
99.50 134.00
99.50 133.50
99.50 133.00
99.50 132.50
100.00 132.00
100.00 131.50
100.00 131.00
100.00 130.50
100.00 130.00
100.00 129.50
100.50 129.00
100.50 128.50
100.50 128.00
101.00 127.50
101.00 127.00
101.00 126.50
101.50 126.00
101.50 125.50
102.00 125.00
102.00 124.50
102.50 124.00
102.50 123.50
103.00 123.00
103.00 122.50
103.50 122.00
103.50 121.50
104.00 121.00
104.00 120.50
104.50 120.00
104.50 119.50
105.00 119.00
105.50 118.50
105.50 118.00
106.00 117.50
106.50 117.00
107.00 116.50
107.00 116.00
107.50 115.50
108.00 115.00
108.50 114.50
