105.50 114.00
106.00 113.50
106.50 113.00
107.00 112.50
107.50 112.00
108.00 111.50
108.50 111.00
109.00 110.50
109.50 110.00
110.00 110.00
110.50 109.50
111.00 109.50
111.50 109.00
112.00 109.00
112.50 108.50
113.00 108.50
113.50 108.50
114.00 108.50
114.50 108.00
115.00 108.00
115.50 108.00
116.00 108.00
116.50 108.00
117.00 107.50
117.50 107.50
118.00 107.50
118.50 107.50
119.00 107.50
119.50 107.50
120.00 107.50
120.50 107.50
121.00 107.50
121.50 108.00
122.00 108.00
122.50 108.00
123.00 108.00
123.50 108.50
124.00 108.50
124.50 108.50
125.00 109.00
125.50 109.50
126.00 109.50
126.50 110.00
127.00 110.50
127.50 111.00
128.00 111.50
128.50 112.00
129.00 112.50
129.00 113.00
129.50 113.50
129.50 114.00
130.00 114.50
130.50 115.00
130.50 115.50
131.00 116.00
131.00 116.50
131.50 117.00
131.50 117.50
131.50 118.00
132.00 118.50
132.00 119.00
132.50 119.50
132.50 120.00
133.00 120.50
133.00 121.00
133.00 121.50
133.00 122.00
133.50 122.50
133.50 123.00
133.50 123.50
133.50 124.00
134.00 124.50
134.00 125.00
134.00 125.50
134.00 126.00
134.50 126.50
134.50 127.00
134.50 127.50
134.50 128.00
134.50 128.50
134.50 129.00
134.50 129.50
134.50 130.00
134.50 130.50
134.00 131.00
134.00 131.50
134.00 132.00
133.50 132.50
133.50 133.00
133.00 133.50
132.50 134.00
132.50 134.50
132.00 135.00
131.50 135.50
131.00 136.00
130.50 136.00
130.00 136.50
129.50 137.00
129.00 137.50
128.50 138.00
128.00 138.00
127.50 138.50
127.00 138.50
126.50 139.00
126.00 139.00
125.50 139.50
125.00 139.50
124.50 140.00
124.00 140.00
123.50 140.50
123.00 140.50
122.50 141.00
122.00 141.00
121.50 141.00
121.00 141.50
120.50 141.50
120.00 141.50
119.50 142.00
119.00 142.00
118.50 142.00
118.00 142.00
117.50 142.00
117.00 142.50
116.50 142.50
116.00 142.50
115.50 142.50
115.00 142.50
114.50 142.50
114.00 142.50
113.50 142.50
113.00 142.50
112.50 142.00
112.00 142.00
111.50 142.00
111.00 142.00
110.50 141.50
110.00 141.50
109.50 141.50
109.00 141.00
108.50 140.50
108.00 140.50
107.50 140.00
107.00 139.50
106.50 139.50
106.00 139.00
105.50 138.50
105.00 138.00
104.50 137.50
104.50 137.00
104.00 136.50
103.50 136.00
103.50 135.50
103.00 135.00
103.00 134.50
102.50 134.00
102.50 133.50
102.00 133.00
102.00 132.50
102.00 132.00
102.00 131.50
101.50 131.00
101.50 130.50
101.50 130.00
101.50 129.50
101.50 129.00
101.50 128.50
101.50 128.00
101.50 127.50
101.50 127.00
101.50 126.50
101.50 126.00
101.50 125.50
101.50 125.00
102.00 124.50
102.00 124.00
102.00 123.50
102.00 123.00
102.00 122.50
102.50 122.00
102.50 121.50
102.50 121.00
102.50 120.50
103.00 120.00
103.00 119.50
103.00 119.00
103.00 118.50
103.50 118.00
103.50 117.50
104.00 117.00
104.00 116.50
104.50 116.00
104.50 115.50
105.00 115.00
105.00 114.50
