112.00 111.00
112.50 110.50
113.00 110.50
113.50 110.00
114.00 110.00
114.50 109.50
115.00 109.00
115.50 109.00
116.00 109.00
116.50 108.50
117.00 108.50
117.50 108.00
118.00 108.00
118.50 108.00
119.00 107.50
119.50 107.50
120.00 107.50
120.50 107.00
121.00 107.00
121.50 107.00
122.00 106.50
122.50 106.50
123.00 106.50
123.50 106.50
124.00 106.50
124.50 106.00
125.00 106.00
125.50 106.00
126.00 106.00
126.50 106.00
127.00 106.00
127.50 106.00
128.00 106.00
128.50 106.00
129.00 106.00
129.50 106.00
130.00 106.00
130.50 106.00
131.00 106.00
131.50 106.00
132.00 106.50
132.50 106.50
133.00 106.50
133.50 106.50
134.00 107.00
134.50 107.00
135.00 107.00
135.50 107.50
136.00 107.50
136.50 108.00
137.00 108.00
137.50 108.50
138.00 109.00
138.50 109.00
139.00 109.50
139.50 110.00
140.00 110.50
140.50 111.00
141.00 111.50
141.50 112.00
142.00 112.50
142.50 113.00
142.50 113.50
142.50 114.00
143.00 114.50
143.50 115.00
143.50 115.50
144.00 116.00
144.00 116.50
144.50 117.00
144.50 117.50
144.50 118.00
145.00 118.50
145.00 119.00
145.00 119.50
145.50 120.00
145.50 120.50
145.50 121.00
145.50 121.50
145.50 122.00
146.00 122.50
146.00 123.00
146.00 123.50
146.00 124.00
146.00 124.50
146.00 125.00
146.00 125.50
146.00 126.00
146.00 126.50
146.00 127.00
146.00 127.50
146.00 128.00
146.00 128.50
146.00 129.00
146.00 129.50
146.00 130.00
146.00 130.50
146.00 131.00
146.00 131.50
146.00 132.00
145.50 132.50
145.50 133.00
145.50 133.50
145.50 134.00
145.50 134.50
145.00 135.00
145.00 135.50
145.00 136.00
144.50 136.50
144.50 137.00
144.00 137.50
144.00 138.00
143.50 138.50
143.00 139.00
142.50 139.50
142.00 140.00
141.50 140.50
141.00 141.00
140.50 141.00
140.00 141.50
139.50 142.00
139.00 142.00
138.50 142.00
138.00 142.50
137.50 142.50
137.00 143.00
136.50 143.00
136.00 143.50
135.50 143.50
135.00 143.50
134.50 144.00
134.00 144.00
133.50 144.00
133.00 144.00
132.50 144.50
132.00 144.50
131.50 144.50
131.00 144.50
130.50 145.00
130.00 145.00
129.50 145.00
129.00 145.50
128.50 145.50
128.00 145.50
127.50 146.00
127.00 146.00
126.50 146.00
126.00 146.00
125.50 146.50
125.00 146.50
124.50 146.50
124.00 146.50
123.50 147.00
123.00 147.00
122.50 147.00
122.00 147.00
121.50 147.00
121.00 147.00
120.50 147.00
120.00 147.00
119.50 147.00
119.00 147.00
118.50 147.00
118.00 147.00
117.50 146.50
117.00 146.50
116.50 146.50
116.00 146.00
115.50 146.00
115.00 146.00
114.50 145.50
114.00 145.50
113.50 145.00
113.00 145.00
112.50 145.00
112.00 144.50
111.50 144.00
111.00 143.50
110.50 143.50
110.00 143.00
109.50 142.50
109.00 142.00
108.50 141.50
108.00 141.00
107.50 140.50
107.00 140.00
107.00 139.50
106.50 139.00
106.00 138.50
106.00 138.00
105.50 137.50
105.50 137.00
105.00 136.50
105.00 136.00
104.50 135.50
104.50 135.00
104.50 134.50
104.50 134.00
104.00 133.50
104.00 133.00
104.00 132.50
104.00 132.00
104.00 131.50
103.50 131.00
103.50 130.50
103.50 130.00
103.50 129.50
103.50 129.00
103.50 128.50
103.50 128.00
103.50 127.50
103.50 127.00
103.50 126.50
103.50 126.00
103.50 125.50
103.50 125.00
103.50 124.50
103.50 124.00
103.50 123.50
104.00 123.00
104.00 122.50
104.00 122.00
104.00 121.50
104.00 121.00
104.00 120.50
104.50 120.00
104.50 119.50
105.00 119.00
105.00 118.50
105.00 118.00
105.50 117.50
106.00 117.00
106.00 116.50
106.50 116.00
107.00 115.50
107.00 115.00
107.50 114.50
108.00 114.50
108.50 114.00
108.50 113.50
109.00 113.00
109.50 112.50
110.00 112.50
110.50 112.00
111.00 111.50
111.50 111.50
