108.50 111.00
109.00 110.50
109.50 110.50
110.00 110.00
110.50 109.50
111.00 109.50
111.50 109.00
112.00 109.00
112.50 108.50
113.00 108.50
113.50 108.00
114.00 108.00
114.50 108.00
115.00 107.50
115.50 107.50
116.00 107.50
116.50 107.00
117.00 107.00
117.50 107.00
118.00 107.00
118.50 107.00
119.00 106.50
119.50 106.50
120.00 106.50
120.50 106.50
121.00 106.50
121.50 106.50
122.00 106.50
122.50 106.50
123.00 106.50
123.50 106.50
124.00 106.50
124.50 106.50
125.00 106.50
125.50 106.50
126.00 107.00
126.50 107.00
127.00 107.00
127.50 107.50
128.00 107.50
128.50 108.00
129.00 108.00
129.50 108.50
130.00 108.50
130.50 109.00
131.00 109.50
131.50 110.00
132.00 110.00
132.50 110.50
133.00 111.00
133.50 111.50
134.00 112.00
134.50 112.50
134.50 113.00
135.00 113.50
135.50 114.00
136.00 114.50
136.00 115.00
136.50 115.50
136.50 116.00
137.00 116.50
137.00 117.00
137.50 117.50
137.50 118.00
137.50 118.50
138.00 119.00
138.00 119.50
138.00 120.00
138.00 120.50
138.50 121.00
138.50 121.50
138.50 122.00
138.50 122.50
138.50 123.00
138.50 123.50
138.50 124.00
138.50 124.50
138.50 125.00
138.50 125.50
138.50 126.00
138.50 126.50
138.00 127.00
138.00 127.50
138.00 128.00
138.00 128.50
138.00 129.00
138.00 129.50
137.50 130.00
137.50 130.50
137.50 131.00
137.50 131.50
137.50 132.00
137.00 132.50
137.00 133.00
137.00 133.50
136.50 134.00
136.50 134.50
136.00 135.00
136.00 135.50
135.50 136.00
135.50 136.50
135.00 137.00
134.50 137.50
134.00 138.00
133.50 138.50
133.00 139.00
132.50 139.50
132.00 139.50
131.50 140.00
131.00 140.50
130.50 141.00
130.00 141.00
129.50 141.00
129.00 141.50
128.50 141.50
128.00 142.00
127.50 142.00
127.00 142.00
126.50 142.50
126.00 142.50
125.50 142.50
125.00 143.00
124.50 143.00
124.00 143.00
123.50 143.00
123.00 143.00
122.50 143.00
122.00 143.00
121.50 143.50
121.00 143.50
120.50 143.50
120.00 143.50
119.50 143.50
119.00 143.50
118.50 143.00
118.00 143.00
117.50 143.00
117.00 143.00
116.50 143.00
116.00 143.00
115.50 142.50
115.00 142.50
114.50 142.50
114.00 142.00
113.50 142.00
113.00 142.00
112.50 141.50
112.00 141.00
111.50 141.00
111.00 140.50
110.50 140.00
110.00 140.00
109.50 139.50
109.00 139.50
108.50 139.00
108.00 138.50
107.50 138.00
107.00 137.50
106.50 137.00
106.00 136.50
105.50 136.00
105.00 135.50
104.50 135.00
104.00 134.50
103.50 134.00
103.50 133.50
103.00 133.00
102.50 132.50
102.50 132.00
102.00 131.50
102.00 131.00
101.50 130.50
101.50 130.00
101.50 129.50
101.00 129.00
101.00 128.50
101.00 128.00
101.00 127.50
101.00 127.00
101.00 126.50
101.00 126.00
101.00 125.50
101.00 125.00
101.00 124.50
101.00 124.00
101.00 123.50
101.50 123.00
101.50 122.50
101.50 122.00
102.00 121.50
102.00 121.00
102.00 120.50
102.50 120.00
102.50 119.50
103.00 119.00
103.00 118.50
103.00 118.00
103.50 117.50
104.00 117.00
104.00 116.50
104.50 116.00
104.50 115.50
105.00 115.00
105.50 114.50
105.50 114.00
106.00 113.50
106.50 113.00
107.00 112.50
107.50 112.00
108.00 111.50
