115.00 108.00
115.50 108.00
116.00 108.00
116.50 107.50
117.00 107.50
117.50 107.50
118.00 107.50
118.50 107.50
119.00 108.00
119.50 108.00
120.00 108.00
120.50 108.50
121.00 108.50
121.50 108.50
122.00 109.00
122.50 109.50
123.00 109.50
123.50 110.00
124.00 110.00
124.50 110.50
125.00 111.00
125.50 111.50
126.00 111.50
126.50 112.00
127.00 112.50
127.50 113.00
128.00 113.00
128.50 113.50
129.00 114.00
129.50 114.50
130.00 114.50
130.50 115.00
131.00 115.50
131.50 115.50
132.00 116.00
132.50 116.50
133.00 117.00
133.50 117.50
134.00 118.00
134.50 118.50
135.00 119.00
135.50 119.50
136.00 120.00
136.00 120.50
136.50 121.00
136.50 121.50
137.00 122.00
137.00 122.50
137.50 123.00
137.50 123.50
137.50 124.00
137.50 124.50
138.00 125.00
138.00 125.50
138.00 126.00
138.00 126.50
138.00 127.00
138.00 127.50
138.00 128.00
138.00 128.50
138.00 129.00
138.00 129.50
137.50 130.00
137.50 130.50
137.50 131.00
137.50 131.50
137.50 132.00
137.00 132.50
137.00 133.00
137.00 133.50
137.00 134.00
136.50 134.50
136.00 135.00
136.00 135.50
136.00 136.00
135.50 136.50
135.50 137.00
135.50 137.50
135.00 138.00
134.50 138.50
134.50 139.00
134.00 139.50
133.50 140.00
133.00 140.50
132.50 141.00
132.00 141.50
131.50 142.00
131.00 142.50
130.50 143.00
130.00 143.50
129.50 143.50
129.00 144.00
128.50 144.00
128.00 144.50
127.50 144.50
127.00 145.00
126.50 145.00
126.00 145.00
125.50 145.50
125.00 145.50
124.50 145.50
124.00 146.00
123.50 146.00
123.00 146.00
122.50 146.00
122.00 146.00
121.50 146.00
121.00 146.00
120.50 146.00
120.00 146.00
119.50 146.00
119.00 146.00
118.50 146.00
118.00 145.50
117.50 145.50
117.00 145.50
116.50 145.50
116.00 145.00
115.50 145.00
115.00 145.00
114.50 144.50
114.00 144.50
113.50 144.00
113.00 144.00
112.50 143.50
112.00 143.50
111.50 143.00
111.00 143.00
110.50 142.50
110.00 142.00
109.50 142.00
109.00 141.50
108.50 141.00
108.00 141.00
107.50 140.50
107.00 140.00
106.50 139.50
106.00 139.00
105.50 138.50
105.00 138.00
104.50 137.50
104.00 137.00
103.50 136.50
103.00 136.00
103.00 135.50
103.00 135.00
102.50 134.50
102.00 134.00
102.00 133.50
101.50 133.00
101.50 132.50
101.00 132.00
101.00 131.50
101.00 131.00
100.50 130.50
100.50 130.00
100.50 129.50
100.50 129.00
100.00 128.50
100.00 128.00
100.00 127.50
100.00 127.00
100.00 126.50
100.00 126.00
100.00 125.50
100.00 125.00
100.00 124.50
100.00 124.00
100.00 123.50
100.00 123.00
100.00 122.50
100.50 122.00
100.50 121.50
100.50 121.00
100.50 120.50
101.00 120.00
101.00 119.50
101.00 119.00
101.50 118.50
102.00 118.00
102.00 117.50
102.50 117.00
103.00 116.50
103.00 116.00
103.50 115.50
104.00 115.50
104.50 115.00
105.00 114.50
105.00 114.00
105.50 113.50
106.00 113.50
106.50 113.00
107.00 112.50
107.50 112.50
108.00 112.00
108.50 111.50
109.00 111.00
109.50 111.00
110.00 111.00
110.50 110.50
111.00 110.00
111.50 109.50
112.00 109.50
112.50 109.50
113.00 109.00
113.50 108.50
114.00 108.50
114.50 108.00
