122.00 111.50
122.50 112.00
123.00 112.50
123.50 113.00
124.00 113.50
124.50 114.00
125.00 114.00
125.50 114.50
126.00 114.50
126.50 115.00
127.00 115.00
127.50 115.00
128.00 115.50
128.50 115.50
129.00 116.00
129.50 116.00
130.00 116.00
130.50 116.50
131.00 116.50
131.50 116.50
132.00 117.00
132.50 117.00
133.00 117.50
133.50 117.50
134.00 118.00
134.50 118.00
135.00 118.50
135.50 119.00
136.00 119.50
136.50 120.00
136.50 120.50
136.50 121.00
137.00 121.50
137.00 122.00
137.00 122.50
137.50 123.00
137.50 123.50
137.50 124.00
137.50 124.50
137.50 125.00
137.50 125.50
137.50 126.00
137.50 126.50
137.50 127.00
137.50 127.50
137.50 128.00
137.00 128.50
137.00 129.00
137.00 129.50
137.00 130.00
137.00 130.50
137.00 131.00
137.00 131.50
136.50 132.00
136.50 132.50
136.50 133.00
136.50 133.50
136.50 134.00
136.00 134.50
136.00 135.00
136.00 135.50
136.00 136.00
136.00 136.50
135.50 137.00
135.50 137.50
135.50 138.00
135.00 138.50
135.00 139.00
134.50 139.50
134.50 140.00
134.00 140.50
134.00 141.00
133.50 141.50
133.50 142.00
133.00 142.50
132.50 143.00
132.00 143.50
131.50 144.00
131.00 144.50
130.50 144.50
130.00 145.00
129.50 145.50
129.00 145.50
128.50 146.00
128.00 146.00
127.50 146.00
127.00 146.50
126.50 146.50
126.00 146.50
125.50 146.50
125.00 147.00
124.50 147.00
124.00 147.00
123.50 147.00
123.00 147.00
122.50 147.00
122.00 147.00
121.50 147.00
121.00 147.00
120.50 147.00
120.00 147.00
119.50 146.50
119.00 146.50
118.50 146.50
118.00 146.50
117.50 146.50
117.00 146.00
116.50 146.00
116.00 145.50
115.50 145.50
115.00 145.50
114.50 145.00
114.00 145.00
113.50 145.00
113.00 144.50
112.50 144.00
112.00 144.00
111.50 144.00
111.00 143.50
110.50 143.00
110.00 143.00
109.50 143.00
109.00 142.50
108.50 142.00
108.00 142.00
107.50 142.00
107.00 141.50
106.50 141.00
106.00 141.00
105.50 140.50
105.00 140.00
104.50 140.00
104.00 139.50
103.50 139.00
103.00 138.50
102.50 138.00
102.50 137.50
102.00 137.00
101.50 136.50
101.00 136.00
101.00 135.50
101.00 135.00
100.50 134.50
100.50 134.00
100.00 133.50
100.00 133.00
100.00 132.50
100.00 132.00
100.00 131.50
99.50 131.00
99.50 130.50
99.50 130.00
99.50 129.50
99.50 129.00
99.50 128.50
99.50 128.00
100.00 127.50
100.00 127.00
100.00 126.50
100.00 126.00
100.50 125.50
100.50 125.00
101.00 124.50
101.00 124.00
101.50 123.50
102.00 123.00
102.50 122.50
103.00 122.00
103.50 121.50
104.00 121.00
104.50 121.00
105.00 120.50
105.50 120.00
106.00 119.50
106.50 119.00
107.00 119.00
107.50 118.50
108.00 118.00
108.50 118.00
109.00 117.50
109.50 117.00
110.00 116.50
110.50 116.50
111.00 116.00
111.50 115.50
112.00 115.00
112.50 114.50
113.00 114.00
113.50 113.50
114.00 113.00
114.50 112.50
115.00 112.00
115.50 112.00
116.00 111.50
116.50 111.00
117.00 110.50
117.50 110.00
118.00 110.00
118.50 109.50
119.00 109.50
119.50 109.50
120.00 109.50
120.50 109.50
121.00 110.00
121.50 110.50
121.50 111.00
