156.50 140.50
156.50 141.00
156.00 141.50
156.00 142.00
156.00 142.50
155.50 143.00
155.50 143.50
155.50 144.00
155.00 144.50
155.00 145.00
154.50 145.50
154.50 146.00
154.50 146.50
154.00 147.00
154.00 147.50
153.50 148.00
153.50 148.50
153.50 149.00
153.00 149.50
152.50 150.00
152.50 150.50
152.50 151.00
152.00 151.50
151.50 152.00
151.50 152.50
151.00 153.00
151.00 153.50
150.50 154.00
150.50 154.50
150.00 155.00
149.50 155.50
149.50 156.00
149.00 156.50
148.50 157.00
148.50 157.50
148.00 158.00
148.00 158.50
147.50 159.00
147.00 159.50
147.00 160.00
146.50 160.50
146.00 161.00
145.50 161.50
145.00 161.50
144.50 161.00
144.00 161.50
143.50 161.50
143.00 162.00
142.50 162.00
142.00 162.00
141.50 162.00
141.00 162.50
140.50 162.50
140.00 163.00
139.50 163.00
139.00 163.50
138.50 163.50
138.00 163.50
137.50 163.50
137.00 163.50
136.50 164.00
136.00 164.00
135.50 164.00
135.00 164.00
134.50 164.00
134.00 164.00
133.50 164.00
133.00 164.00
132.50 164.00
132.00 164.00
131.50 164.00
131.00 164.00
130.50 163.50
130.00 163.50
129.50 163.50
129.00 163.50
128.50 163.00
128.00 163.00
127.50 162.50
127.00 162.50
126.50 162.50
126.00 162.50
125.50 162.00
125.00 162.00
124.50 162.00
124.00 162.00
123.50 161.50
123.00 161.50
122.50 161.00
122.00 161.00
121.50 161.00
121.00 161.00
120.50 160.50
120.00 160.50
119.50 160.50
119.00 160.00
118.50 159.50
118.00 159.50
117.50 159.50
117.00 159.00
116.50 159.00
116.00 159.00
115.50 158.50
115.00 158.00
114.50 158.00
114.00 158.00
113.50 157.50
113.00 157.00
112.50 157.00
112.00 156.50
111.50 156.50
111.00 156.00
110.50 155.50
110.00 155.00
109.50 154.50
109.00 154.00
108.50 153.50
108.00 153.00
108.00 152.50
107.50 152.00
107.50 151.50
107.00 151.00
107.00 150.50
106.50 150.00
106.50 149.50
106.00 149.00
106.00 148.50
106.00 148.00
105.50 147.50
105.50 147.00
105.50 146.50
105.00 146.00
105.00 145.50
105.00 145.00
105.00 144.50
105.00 144.00
104.50 143.50
104.50 143.00
104.50 142.50
104.50 142.00
104.50 141.50
104.50 141.00
104.00 140.50
104.00 140.00
104.00 139.50
104.00 139.00
104.00 138.50
104.00 138.00
104.00 137.50
104.00 137.00
103.50 136.50
103.50 136.00
103.50 135.50
103.50 135.00
103.50 134.50
103.50 134.00
103.50 133.50
103.50 133.00
103.50 132.50
103.50 132.00
103.50 131.50
103.50 131.00
103.50 130.50
104.00 130.00
104.50 129.50
105.00 129.00
105.00 128.50
105.00 128.00
105.50 127.50
105.50 127.00
105.50 126.50
106.00 126.00
106.50 125.50
106.50 125.00
106.50 124.50
107.00 124.00
107.00 123.50
107.50 123.00
108.00 122.50
108.00 122.00
108.50 121.50
109.00 121.00
109.00 120.50
109.50 120.00
110.00 119.50
110.00 119.00
110.50 118.50
111.00 118.00
111.50 117.50
112.00 117.00
112.50 116.50
113.00 116.00
113.50 115.50
114.00 115.00
114.50 115.00
115.00 114.50
115.50 114.50
116.00 114.00
116.50 113.50
117.00 113.50
117.50 113.50
118.00 113.00
118.50 113.00
119.00 113.00
119.50 112.50
120.00 112.50
120.50 112.50
121.00 112.00
121.50 112.00
122.00 112.00
122.50 112.00
123.00 112.00
123.50 111.50
124.00 111.50
124.50 111.50
125.00 111.50
125.50 111.50
126.00 111.50
126.50 111.00
127.00 111.00
127.50 111.00
128.00 111.00
128.50 111.00
129.00 111.00
129.50 111.00
130.00 111.00
130.50 111.00
131.00 111.00
131.50 111.00
132.00 111.00
132.50 111.00
133.00 111.00
133.50 111.00
134.00 111.00
134.50 111.00
135.00 111.50
135.50 111.50
136.00 111.50
136.50 111.50
137.00 111.50
137.50 111.50
138.00 112.00
138.50 112.00
139.00 112.00
139.50 112.50
140.00 112.50
140.50 112.50
141.00 113.00
141.50 113.00
142.00 113.00
142.50 113.50
143.00 113.50
143.50 114.00
144.00 114.00
144.50 114.50
145.00 114.50
145.50 115.00
146.00 115.50
146.50 115.50
147.00 116.00
147.50 116.50
148.00 117.00
148.50 117.00
149.00 117.50
149.50 118.00
150.00 118.50
150.50 119.00
151.00 119.50
151.50 120.00
152.00 120.50
152.00 121.00
152.50 121.50
152.50 122.00
153.00 122.50
153.50 123.00
153.50 123.50
153.50 124.00
154.00 124.50
154.00 125.00
154.50 125.50
154.50 126.00
154.50 126.50
154.50 127.00
155.00 127.50
155.00 128.00
155.00 128.50
155.00 129.00
155.50 129.50
155.50 130.00
155.50 130.50
155.50 131.00
155.50 131.50
155.50 132.00
155.50 132.50
155.50 133.00
155.50 133.50
156.00 134.00
156.00 134.50
156.00 135.00
156.00 135.50
156.00 136.00
156.00 136.50
156.00 137.00
156.00 137.50
156.00 138.00
156.00 138.50
156.00 139.00
156.00 139.50
156.00 140.00
