113.00 147.00
112.50 146.50
112.50 146.00
112.50 145.50
112.50 145.00
112.00 144.50
112.00 144.00
112.00 143.50
112.00 143.00
111.50 142.50
111.50 142.00
111.50 141.50
111.50 141.00
111.50 140.50
111.00 140.00
111.00 139.50
111.00 139.00
111.00 138.50
111.00 138.00
111.00 137.50
111.00 137.00
111.00 136.50
111.00 136.00
111.00 135.50
111.00 135.00
111.50 134.50
111.50 134.00
111.50 133.50
111.50 133.00
112.00 132.50
112.00 132.00
112.00 131.50
112.50 131.00
112.50 130.50
113.00 130.00
113.00 129.50
113.00 129.00
113.50 128.50
114.00 128.00
114.50 127.50
114.50 127.00
115.00 126.50
115.50 126.00
116.00 125.50
116.50 125.50
117.00 125.00
117.50 124.50
118.00 124.00
118.50 124.00
119.00 123.50
119.50 123.50
120.00 123.50
120.50 123.00
121.00 123.00
121.50 122.50
122.00 122.50
122.50 122.50
123.00 122.50
123.50 122.00
124.00 121.50
124.50 121.00
125.00 121.00
125.50 121.00
126.00 121.00
126.50 121.50
127.00 121.50
127.50 121.50
128.00 121.50
128.50 121.50
129.00 121.50
129.50 121.50
130.00 121.50
130.50 121.50
131.00 121.50
131.50 121.50
132.00 121.50
132.50 121.50
133.00 121.50
133.50 121.50
134.00 122.00
134.50 122.00
135.00 122.00
135.50 122.00
136.00 122.00
136.50 122.50
137.00 122.50
137.50 122.50
138.00 123.00
138.50 123.00
139.00 123.00
139.50 123.50
140.00 123.50
140.50 124.00
141.00 124.50
141.50 125.00
142.00 125.00
142.50 125.50
143.00 126.00
143.50 126.50
144.00 127.00
144.50 127.50
145.00 128.00
145.00 128.50
145.50 129.00
146.00 129.50
146.00 130.00
146.50 130.50
147.00 131.00
147.00 131.50
147.50 132.00
148.00 132.50
148.00 133.00
148.50 133.50
148.50 134.00
149.00 134.50
149.00 135.00
149.50 135.50
149.50 136.00
149.50 136.50
149.50 137.00
149.50 137.50
149.50 138.00
149.50 138.50
149.50 139.00
149.50 139.50
149.50 140.00
149.50 140.50
149.50 141.00
149.50 141.50
149.50 142.00
149.50 142.50
149.50 143.00
149.50 143.50
149.50 144.00
149.50 144.50
149.50 145.00
149.00 145.50
149.00 146.00
149.00 146.50
149.00 147.00
149.00 147.50
148.50 148.00
148.50 148.50
148.50 149.00
148.00 149.50
148.00 150.00
147.50 150.50
147.50 151.00
147.50 151.50
147.00 152.00
147.00 152.50
146.50 153.00
146.00 153.50
145.50 154.00
145.00 154.50
144.50 155.00
144.00 155.50
143.50 156.00
143.00 156.50
142.50 157.00
142.00 157.00
141.50 157.50
141.00 158.00
140.50 158.00
140.00 158.50
139.50 158.50
139.00 159.00
138.50 159.50
138.00 160.00
137.50 160.00
137.00 160.00
136.50 160.00
136.00 160.00
135.50 160.00
135.00 160.00
134.50 160.00
134.00 160.00
133.50 160.00
133.00 160.00
132.50 160.00
132.00 160.00
131.50 160.00
131.00 160.00
130.50 160.00
130.00 160.00
129.50 160.00
129.00 160.00
128.50 160.00
128.00 160.00
127.50 160.00
127.00 160.00
126.50 159.50
126.00 159.00
125.50 159.00
125.00 159.00
124.50 158.50
124.00 158.50
123.50 158.00
123.00 158.00
122.50 157.50
122.00 157.50
121.50 157.00
121.00 156.50
120.50 156.50
120.00 156.00
119.50 156.00
119.00 155.50
118.50 155.00
118.00 154.50
117.50 154.00
117.00 153.50
116.50 153.50
116.00 153.00
115.50 153.00
115.00 152.50
114.50 152.00
114.00 151.50
113.50 151.00
113.00 150.50
112.50 150.00
112.00 149.50
112.00 149.00
111.50 148.50
112.00 148.00
112.50 147.50
113.00 147.00
