119.00 140.00
118.50 139.50
118.50 139.00
118.00 138.50
117.50 138.00
117.00 137.50
117.00 137.00
116.50 136.50
116.00 136.00
115.50 135.50
115.50 135.00
115.00 134.50
114.50 134.00
114.50 133.50
114.00 133.00
114.00 132.50
114.00 132.00
113.50 131.50
113.50 131.00
113.50 130.50
114.00 130.00
114.00 129.50
114.00 129.00
114.50 128.50
114.50 128.00
115.00 127.50
115.00 127.00
115.00 126.50
115.50 126.00
115.50 125.50
116.00 125.00
116.00 124.50
116.50 124.00
116.50 123.50
117.00 123.00
117.00 122.50
117.50 122.00
117.50 121.50
118.00 121.00
118.00 120.50
118.50 120.00
118.50 119.50
119.00 119.00
119.00 118.50
119.50 118.00
120.00 117.50
120.50 117.00
121.00 116.50
121.50 116.00
122.00 115.50
122.50 115.00
123.00 115.00
123.50 114.50
124.00 114.00
124.50 114.00
125.00 113.50
125.50 113.50
126.00 113.00
126.50 113.00
127.00 112.50
127.50 112.50
128.00 112.00
128.50 112.00
129.00 112.00
129.50 111.50
130.00 111.50
130.50 111.50
131.00 111.50
131.50 111.00
132.00 111.00
132.50 111.00
133.00 111.00
133.50 111.00
134.00 111.00
134.50 111.00
135.00 111.00
135.50 111.00
136.00 111.00
136.50 111.00
137.00 111.00
137.50 111.50
138.00 111.50
138.50 111.50
139.00 111.50
139.50 112.00
140.00 112.00
140.50 112.00
141.00 112.00
141.50 112.00
142.00 112.50
142.50 112.50
143.00 113.00
143.50 113.00
144.00 113.00
144.50 113.50
145.00 113.50
145.50 114.00
146.00 114.00
146.50 114.50
147.00 114.50
147.50 115.00
148.00 115.50
148.50 115.50
149.00 116.00
149.50 116.50
150.00 117.00
150.50 117.50
151.00 117.50
151.50 118.00
152.00 118.50
152.50 119.00
153.00 119.50
153.50 120.00
154.00 120.50
154.00 121.00
154.50 121.50
155.00 122.00
155.50 122.50
156.00 123.00
156.00 123.50
156.50 124.00
157.00 124.50
157.00 125.00
157.50 125.50
157.50 126.00
158.00 126.50
158.00 127.00
158.50 127.50
158.50 128.00
158.50 128.50
159.00 129.00
159.00 129.50
159.50 130.00
159.50 130.50
159.50 131.00
159.50 131.50
159.50 132.00
159.50 132.50
159.50 133.00
159.50 133.50
159.50 134.00
159.50 134.50
159.50 135.00
159.50 135.50
159.50 136.00
159.50 136.50
159.00 137.00
159.00 137.50
159.00 138.00
159.00 138.50
159.00 139.00
158.50 139.50
158.50 140.00
158.50 140.50
158.00 141.00
158.00 141.50
158.00 142.00
158.00 142.50
157.50 143.00
157.50 143.50
157.50 144.00
157.50 144.50
157.00 145.00
157.00 145.50
157.00 146.00
156.50 146.50
156.50 147.00
156.50 147.50
156.00 148.00
156.00 148.50
156.00 149.00
155.50 149.50
155.50 150.00
155.00 150.50
155.00 151.00
154.50 151.50
154.50 152.00
154.00 152.50
154.00 153.00
153.50 153.50
153.50 154.00
153.00 154.50
152.50 155.00
152.00 155.50
151.50 156.00
151.00 156.50
150.50 157.00
150.00 157.50
149.50 157.50
149.00 158.00
148.50 158.00
148.00 158.50
147.50 158.50
147.00 159.00
146.50 159.00
146.00 159.50
145.50 159.50
145.00 159.50
144.50 159.00
144.00 159.00
143.50 159.00
143.00 159.50
142.50 159.50
142.00 159.50
141.50 159.50
141.00 160.00
140.50 160.00
140.00 160.00
139.50 160.00
139.00 160.00
138.50 160.00
138.00 160.50
137.50 160.50
137.00 160.50
136.50 160.50
136.00 160.50
135.50 160.50
135.00 161.00
134.50 161.00
134.00 161.00
133.50 161.00
133.00 161.00
132.50 161.00
132.00 160.50
131.50 160.50
131.00 160.50
130.50 160.00
130.00 160.00
129.50 159.50
129.00 159.00
128.50 158.50
128.00 158.00
127.50 157.50
127.00 157.00
126.50 156.50
126.50 156.00
126.50 155.50
126.00 155.00
125.50 155.00
125.00 154.50
124.50 154.50
124.00 154.00
123.50 153.50
123.00 153.00
122.50 152.50
122.00 152.00
122.00 151.50
121.50 151.00
121.50 150.50
121.00 150.00
121.00 149.50
121.00 149.00
120.50 148.50
120.50 148.00
120.50 147.50
120.00 147.00
120.00 146.50
120.00 146.00
120.00 145.50
120.00 145.00
119.50 144.50
119.50 144.00
119.50 143.50
119.50 143.00
119.00 142.50
119.00 142.00
119.00 141.50
119.00 141.00
119.00 140.50
