114.50 146.00
114.50 145.50
114.50 145.00
114.00 144.50
114.00 144.00
114.00 143.50
114.00 143.00
114.00 142.50
113.50 142.00
113.50 141.50
113.50 141.00
113.50 140.50
113.50 140.00
113.50 139.50
113.50 139.00
113.50 138.50
113.50 138.00
113.50 137.50
114.00 137.00
114.50 136.50
114.00 136.00
114.00 135.50
114.00 135.00
114.00 134.50
114.00 134.00
114.50 133.50
114.50 133.00
114.50 132.50
115.00 132.00
115.00 131.50
115.00 131.00
115.50 130.50
116.00 130.00
116.00 129.50
116.50 129.00
117.00 128.50
117.50 128.50
118.00 128.00
118.50 127.50
119.00 127.00
119.50 127.00
120.00 126.50
120.50 126.50
121.00 126.00
121.50 126.00
122.00 126.00
122.50 125.50
123.00 125.50
123.50 125.50
124.00 125.50
124.50 125.50
125.00 125.50
125.50 125.50
126.00 125.50
126.50 125.50
127.00 125.50
127.50 125.50
128.00 125.50
128.50 125.50
129.00 125.50
129.50 126.00
130.00 126.00
130.50 126.00
131.00 126.00
131.50 126.50
132.00 126.50
132.50 126.50
133.00 127.00
133.50 127.00
134.00 127.00
134.50 127.50
135.00 127.50
135.50 128.00
136.00 128.00
136.50 128.50
137.00 128.50
137.50 129.00
138.00 129.00
138.50 129.50
139.00 130.00
139.50 130.00
140.00 130.50
140.50 131.00
141.00 131.50
141.50 131.50
142.00 132.00
142.50 132.50
143.00 133.00
143.50 133.50
143.50 134.00
144.00 134.50
144.00 135.00
144.50 135.50
144.50 136.00
144.50 136.50
144.50 137.00
144.00 137.50
144.00 138.00
144.00 138.50
144.00 139.00
144.00 139.50
144.50 140.00
144.50 140.50
144.50 141.00
144.50 141.50
144.50 142.00
144.50 142.50
144.50 143.00
144.00 143.50
144.00 144.00
144.00 144.50
144.00 145.00
143.50 145.50
143.50 146.00
143.00 146.50
142.50 147.00
142.50 147.50
142.00 148.00
141.50 148.50
141.00 148.50
140.50 149.00
140.00 149.50
139.50 150.00
139.00 150.50
138.50 150.50
138.00 151.00
137.50 151.50
137.00 152.00
136.50 152.00
136.00 152.50
135.50 152.50
135.00 152.50
134.50 152.50
134.00 152.50
133.50 152.50
133.00 152.50
132.50 152.50
132.00 152.50
131.50 152.50
131.00 152.50
130.50 152.50
130.00 152.50
129.50 152.50
129.00 152.50
128.50 152.50
128.00 152.50
127.50 152.50
127.00 152.50
126.50 152.50
126.00 152.50
125.50 152.00
125.00 152.00
124.50 152.00
124.00 152.00
123.50 152.00
123.00 152.00
122.50 152.00
122.00 151.50
121.50 151.50
121.00 151.50
120.50 151.00
120.00 151.00
119.50 150.50
119.00 150.50
118.50 150.00
118.00 150.00
117.50 149.50
117.00 149.00
116.50 148.50
116.00 148.00
115.50 147.50
115.50 147.00
115.00 146.50
