137.00 162.00
137.00 162.50
137.50 163.00
137.50 163.50
137.00 164.00
136.50 164.00
136.00 164.00
135.50 164.00
135.00 164.00
134.50 164.00
134.00 164.00
133.50 164.00
133.00 164.00
132.50 164.00
132.00 164.00
131.50 164.00
131.00 164.00
130.50 164.00
130.00 164.00
129.50 163.50
129.00 163.50
128.50 163.50
128.00 163.50
127.50 163.50
127.00 163.00
126.50 163.00
126.00 163.00
125.50 163.00
125.00 162.50
124.50 162.50
124.00 162.50
123.50 162.50
123.00 162.00
122.50 162.00
122.00 161.50
121.50 161.50
121.00 161.00
120.50 161.00
120.00 161.00
119.50 160.50
119.00 160.50
118.50 160.00
118.00 159.50
117.50 159.50
117.00 159.00
116.50 159.00
116.00 158.50
115.50 158.00
115.00 158.00
114.50 157.50
114.00 157.50
113.50 157.00
113.00 156.50
112.50 156.00
112.00 155.50
111.50 155.00
111.00 154.50
110.50 154.00
110.00 153.50
109.50 153.00
109.00 152.50
109.00 152.00
108.50 151.50
108.00 151.00
108.00 150.50
107.50 150.00
107.50 149.50
107.50 149.00
107.00 148.50
107.00 148.00
106.50 147.50
106.50 147.00
106.50 146.50
106.00 146.00
106.00 145.50
106.00 145.00
106.00 144.50
105.50 144.00
105.50 143.50
105.50 143.00
105.50 142.50
105.00 142.00
105.00 141.50
105.00 141.00
105.00 140.50
105.00 140.00
104.50 139.50
104.50 139.00
104.50 138.50
104.50 138.00
104.50 137.50
104.50 137.00
104.50 136.50
104.00 136.00
104.00 135.50
104.00 135.00
104.00 134.50
104.00 134.00
104.00 133.50
104.00 133.00
104.00 132.50
104.00 132.00
104.50 131.50
104.50 131.00
104.50 130.50
104.50 130.00
104.50 129.50
104.50 129.00
104.50 128.50
105.00 128.00
105.00 127.50
105.00 127.00
105.50 126.50
105.50 126.00
105.50 125.50
106.00 125.00
106.00 124.50
106.50 124.00
106.50 123.50
107.00 123.00
107.00 122.50
107.50 122.00
108.00 121.50
108.50 121.00
108.50 120.50
109.00 120.00
109.00 119.50
109.50 119.00
110.00 118.50
110.50 118.00
111.00 117.50
111.50 117.00
112.00 117.50
112.50 117.50
113.00 117.00
113.50 116.50
114.00 116.00
114.50 115.50
115.00 115.00
115.50 115.00
116.00 114.50
116.50 114.00
117.00 113.50
117.50 113.50
118.00 113.00
118.50 113.00
119.00 112.50
119.50 112.00
120.00 112.00
120.50 111.50
121.00 111.50
121.50 111.00
122.00 111.00
122.50 110.50
123.00 110.50
123.50 110.50
124.00 110.50
124.50 110.00
125.00 110.00
125.50 110.00
126.00 110.00
126.50 109.50
127.00 109.50
127.50 109.50
128.00 109.50
128.50 109.50
129.00 109.50
129.50 109.50
130.00 109.50
130.50 109.50
131.00 109.50
131.50 109.50
132.00 109.50
132.50 109.50
133.00 109.50
133.50 109.50
134.00 109.50
134.50 109.50
135.00 109.50
135.50 109.50
136.00 109.50
136.50 109.50
137.00 109.50
137.50 110.00
138.00 110.00
138.50 110.00
139.00 110.00
139.50 110.50
140.00 110.50
140.50 110.50
141.00 111.00
141.50 111.00
142.00 111.50
142.50 111.50
143.00 112.00
143.50 112.00
144.00 112.00
144.50 112.50
145.00 113.00
145.50 113.50
146.00 113.50
146.50 114.00
147.00 114.50
147.50 115.00
148.00 115.00
148.50 115.50
149.00 116.00
149.50 116.50
149.50 117.00
150.00 117.50
150.50 117.50
151.00 118.00
151.50 118.50
151.50 119.00
152.00 119.50
152.50 120.00
152.50 120.50
153.00 121.00
153.50 121.50
154.00 122.00
154.50 122.50
154.50 123.00
154.50 123.50
155.00 124.00
155.50 124.50
156.00 125.00
156.00 125.50
156.00 126.00
156.50 126.50
156.50 127.00
157.00 127.50
157.50 128.00
157.50 128.50
157.50 129.00
158.00 129.50
158.00 130.00
158.00 130.50
158.50 131.00
158.50 131.50
158.50 132.00
159.00 132.50
159.00 133.00
159.00 133.50
159.00 134.00
159.00 134.50
159.50 135.00
159.50 135.50
159.50 136.00
159.50 136.50
159.50 137.00
159.50 137.50
159.50 138.00
159.50 138.50
159.50 139.00
159.50 139.50
159.50 140.00
159.50 140.50
159.50 141.00
159.50 141.50
159.00 142.00
159.00 142.50
159.00 143.00
159.00 143.50
158.50 144.00
158.50 144.50
158.50 145.00
158.00 145.50
158.00 146.00
157.50 146.50
157.50 147.00
157.00 147.50
157.00 148.00
156.50 148.50
156.50 149.00
156.00 149.50
156.00 150.00
155.50 150.50
155.00 151.00
155.00 151.50
154.50 152.00
154.00 152.50
154.00 153.00
153.50 153.50
153.00 154.00
152.50 154.50
152.00 155.00
152.00 155.50
151.50 156.00
151.00 156.50
150.50 157.00
150.00 157.50
149.50 158.00
149.00 158.50
148.50 159.00
148.00 159.50
147.50 160.00
147.00 160.00
146.50 160.00
146.00 160.50
145.50 160.50
145.00 161.00
144.50 161.00
144.00 161.00
143.50 161.00
143.00 161.50
142.50 161.50
142.00 161.50
141.50 161.50
141.00 161.50
140.50 161.50
140.00 161.50
139.50 161.50
139.00 161.50
138.50 161.50
138.00 161.50
137.50 161.50
137.00 161.50
