111.00 106.00
111.50 105.50
112.00 105.50
112.50 105.00
113.00 104.50
113.50 104.50
114.00 104.50
114.50 104.00
115.00 103.50
115.50 103.50
116.00 103.00
116.50 103.00
117.00 103.00
117.50 102.50
118.00 102.50
118.50 102.00
119.00 102.00
119.50 102.00
120.00 101.50
120.50 101.50
121.00 101.50
121.50 101.50
122.00 101.00
122.50 101.00
123.00 101.00
123.50 101.00
124.00 101.00
124.50 101.00
125.00 101.00
125.50 101.00
126.00 101.00
126.50 101.00
127.00 101.00
127.50 101.00
128.00 101.00
128.50 101.00
129.00 101.00
129.50 101.00
130.00 101.50
130.50 101.50
131.00 101.50
131.50 101.50
132.00 101.50
132.50 102.00
133.00 102.00
133.50 102.50
134.00 102.50
134.50 103.00
135.00 103.00
135.50 103.50
136.00 104.00
136.50 104.00
137.00 104.50
137.50 104.50
138.00 105.00
138.50 105.50
139.00 105.50
139.50 106.00
140.00 106.50
140.50 107.00
141.00 107.50
141.50 108.00
142.00 108.50
142.50 109.00
143.00 109.50
143.50 110.00
144.00 110.50
144.50 111.00
145.00 111.50
145.00 112.00
145.50 112.50
146.00 113.00
146.50 113.50
146.50 114.00
147.00 114.50
147.50 115.00
147.50 115.50
148.00 116.00
148.00 116.50
148.50 117.00
148.50 117.50
149.00 118.00
149.50 118.50
149.50 119.00
149.50 119.50
150.00 120.00
150.00 120.50
150.00 121.00
150.50 121.50
150.50 122.00
150.50 122.50
150.50 123.00
151.00 123.50
151.00 124.00
151.00 124.50
151.00 125.00
151.00 125.50
151.50 126.00
151.50 126.50
151.50 127.00
151.50 127.50
151.50 128.00
151.50 128.50
151.50 129.00
151.50 129.50
151.50 130.00
151.50 130.50
151.50 131.00
151.00 131.50
151.00 132.00
151.00 132.50
151.00 133.00
151.00 133.50
150.50 134.00
150.50 134.50
150.50 135.00
150.00 135.50
150.00 136.00
150.00 136.50
149.50 137.00
149.50 137.50
149.00 138.00
148.50 138.50
148.50 139.00
148.00 139.50
148.00 140.00
147.50 140.50
147.00 141.00
146.50 141.50
146.00 142.00
145.50 142.50
145.00 143.00
144.50 143.50
144.00 144.00
143.50 144.50
143.00 145.00
142.50 145.00
142.00 145.50
141.50 146.00
141.00 146.50
140.50 146.50
140.00 147.00
139.50 147.00
139.00 147.50
138.50 148.00
138.00 148.00
137.50 148.50
137.00 148.50
136.50 149.00
136.00 149.00
135.50 149.50
135.00 149.50
134.50 149.50
134.00 150.00
133.50 150.00
133.00 150.00
132.50 150.50
132.00 150.50
131.50 151.00
131.00 151.00
130.50 151.00
130.00 151.50
129.50 151.50
129.00 151.50
128.50 151.50
128.00 151.50
127.50 152.00
127.00 152.00
126.50 152.00
126.00 152.00
125.50 152.00
125.00 152.00
124.50 152.00
124.00 152.00
123.50 152.00
123.00 152.50
122.50 152.50
122.00 152.50
121.50 152.50
121.00 152.50
120.50 152.50
120.00 152.50
119.50 152.00
119.00 152.00
118.50 152.00
118.00 152.00
117.50 152.00
117.00 152.00
116.50 152.00
116.00 152.00
115.50 151.50
115.00 151.50
114.50 151.50
114.00 151.50
113.50 151.00
113.00 151.00
112.50 151.00
112.00 150.50
111.50 150.50
111.00 150.00
110.50 150.00
110.00 150.00
109.50 149.50
109.00 149.50
108.50 149.00
108.00 149.00
107.50 148.50
107.00 148.00
106.50 148.00
106.00 147.50
105.50 147.00
105.00 147.00
104.50 146.50
104.00 146.00
103.50 145.50
103.00 145.00
102.50 144.50
102.00 144.00
101.50 143.50
101.50 143.00
101.00 142.50
100.50 142.00
100.00 141.50
100.00 141.00
99.50 140.50
99.50 140.00
99.00 139.50
99.00 139.00
98.50 138.50
98.50 138.00
98.00 137.50
98.00 137.00
98.00 136.50
97.50 136.00
97.50 135.50
97.50 135.00
97.00 134.50
97.00 134.00
97.00 133.50
97.00 133.00
96.50 132.50
96.50 132.00
96.50 131.50
96.50 131.00
96.50 130.50
96.50 130.00
96.50 129.50
96.50 129.00
96.50 128.50
96.50 128.00
96.50 127.50
96.50 127.00
96.50 126.50
97.00 126.00
97.00 125.50
97.00 125.00
97.00 124.50
97.00 124.00
97.50 123.50
97.50 123.00
97.50 122.50
98.00 122.00
98.00 121.50
98.00 121.00
98.50 120.50
98.50 120.00
99.00 119.50
99.00 119.00
99.50 118.50
99.50 118.00
100.00 117.50
100.00 117.00
100.50 116.50
101.00 116.00
101.00 115.50
101.50 115.00
102.00 114.50
102.00 114.00
102.50 113.50
103.00 113.00
103.50 112.50
104.00 112.00
104.50 111.50
105.00 111.00
105.50 110.50
106.00 110.00
106.50 109.50
107.00 109.00
107.50 108.50
108.00 108.00
108.50 107.50
109.00 107.00
109.50 107.00
110.00 107.00
110.50 106.50
