109.50 105.00
110.00 104.50
110.50 104.50
111.00 104.00
111.50 104.00
112.00 103.50
112.50 103.50
113.00 103.00
113.50 102.50
114.00 102.50
114.50 102.50
115.00 102.50
115.50 102.00
116.00 102.00
116.50 101.50
117.00 101.50
117.50 101.50
118.00 101.00
118.50 101.00
119.00 101.00
119.50 101.00
120.00 100.50
120.50 100.50
121.00 100.50
121.50 100.50
122.00 100.50
122.50 100.00
123.00 100.00
123.50 100.00
124.00 100.00
124.50 100.00
125.00 100.00
125.50 100.00
126.00 100.00
126.50 100.00
127.00 100.00
127.50 100.00
128.00 100.00
128.50 100.00
129.00 100.00
129.50 100.00
130.00 100.50
130.50 100.50
131.00 100.50
131.50 100.50
132.00 100.50
132.50 101.00
133.00 101.00
133.50 101.00
134.00 101.50
134.50 101.50
135.00 101.50
135.50 102.00
136.00 102.00
136.50 102.50
137.00 102.50
137.50 102.50
138.00 103.00
138.50 103.50
139.00 103.50
139.50 104.00
140.00 104.00
140.50 104.50
141.00 105.00
141.50 105.00
142.00 105.50
142.50 106.00
143.00 106.00
143.50 106.50
144.00 107.00
144.50 107.50
145.00 108.00
145.50 108.50
146.00 109.00
146.50 109.50
147.00 110.00
147.50 110.50
148.00 111.00
148.50 111.50
148.50 112.00
149.00 112.50
149.50 113.00
149.50 113.50
150.00 114.00
150.50 114.50
151.00 115.00
151.00 115.50
151.50 116.00
151.50 116.50
151.50 117.00
152.00 117.50
152.00 118.00
152.50 118.50
152.50 119.00
152.50 119.50
153.00 120.00
153.00 120.50
153.00 121.00
153.00 121.50
153.50 122.00
153.50 122.50
153.50 123.00
153.50 123.50
153.50 124.00
153.50 124.50
153.50 125.00
153.50 125.50
153.50 126.00
153.50 126.50
153.50 127.00
153.50 127.50
153.50 128.00
153.50 128.50
153.50 129.00
153.50 129.50
153.50 130.00
153.50 130.50
153.50 131.00
153.50 131.50
153.50 132.00
153.00 132.50
153.00 133.00
153.00 133.50
153.00 134.00
152.50 134.50
152.50 135.00
152.50 135.50
152.50 136.00
152.00 136.50
152.00 137.00
152.00 137.50
152.00 138.00
151.50 138.50
151.50 139.00
151.50 139.50
151.00 140.00
151.00 140.50
150.50 141.00
150.50 141.50
150.50 142.00
150.00 142.50
149.50 143.00
149.50 143.50
149.00 144.00
149.00 144.50
148.50 145.00
148.50 145.50
148.00 146.00
147.50 146.50
147.50 147.00
147.00 147.50
146.50 148.00
146.00 148.50
145.50 149.00
145.00 149.50
144.50 150.00
144.00 150.00
143.50 150.50
143.50 151.00
143.00 151.50
142.50 151.50
142.00 152.00
141.50 152.00
141.00 152.50
140.50 152.50
140.00 153.00
139.50 153.00
139.00 153.50
138.50 153.50
138.00 154.00
137.50 154.00
137.00 154.00
136.50 154.50
136.00 154.50
135.50 154.50
135.00 155.00
134.50 155.00
134.00 155.00
133.50 155.50
133.00 155.50
132.50 155.50
132.00 155.50
131.50 156.00
131.00 156.00
130.50 156.00
130.00 156.00
129.50 156.00
129.00 156.50
128.50 156.50
128.00 156.50
127.50 156.50
127.00 156.50
126.50 157.00
126.00 157.00
125.50 157.00
125.00 157.00
124.50 157.00
124.00 157.00
123.50 157.00
123.00 157.00
122.50 157.00
122.00 157.00
121.50 157.00
121.00 157.00
120.50 157.00
120.00 157.00
119.50 157.00
119.00 157.00
118.50 157.00
118.00 157.00
117.50 157.00
117.00 157.00
116.50 157.00
116.00 157.00
115.50 157.00
115.00 157.00
114.50 157.00
114.00 157.00
113.50 156.50
113.00 156.50
112.50 156.50
112.00 156.50
111.50 156.50
111.00 156.00
110.50 156.00
110.00 156.00
109.50 155.50
109.00 155.50
108.50 155.50
108.00 155.00
107.50 155.00
107.00 154.50
106.50 154.50
106.00 154.50
105.50 154.00
105.00 154.00
104.50 153.50
104.00 153.00
103.50 153.00
103.00 152.50
102.50 152.50
102.00 152.00
101.50 151.50
101.00 151.00
100.50 150.50
100.00 150.00
99.50 150.00
99.00 149.50
99.00 149.00
98.50 148.50
98.00 148.00
97.50 147.50
97.50 147.00
97.00 146.50
97.00 146.00
96.50 145.50
96.50 145.00
96.00 144.50
96.00 144.00
96.00 143.50
95.50 143.00
95.50 142.50
95.50 142.00
95.50 141.50
95.00 141.00
95.00 140.50
95.00 140.00
95.00 139.50
95.00 139.00
94.50 138.50
94.50 138.00
94.50 137.50
94.50 137.00
94.50 136.50
94.50 136.00
94.50 135.50
94.50 135.00
94.50 134.50
94.50 134.00
94.50 133.50
94.50 133.00
94.50 132.50
94.50 132.00
94.50 131.50
94.50 131.00
94.50 130.50
94.50 130.00
94.50 129.50
95.00 129.00
95.00 128.50
95.00 128.00
95.00 127.50
95.00 127.00
95.00 126.50
95.00 126.00
95.50 125.50
95.50 125.00
95.50 124.50
95.50 124.00
95.50 123.50
96.00 123.00
96.00 122.50
96.00 122.00
96.50 121.50
96.50 121.00
96.50 120.50
96.50 120.00
97.00 119.50
97.00 119.00
97.50 118.50
97.50 118.00
98.00 117.50
98.00 117.00
98.50 116.50
98.50 116.00
99.00 115.50
99.00 115.00
99.50 114.50
100.00 114.00
100.00 113.50
100.50 113.00
101.00 112.50
101.50 112.00
102.00 111.50
102.00 111.00
102.50 110.50
103.00 110.00
103.50 110.00
104.00 109.50
104.00 109.00
104.50 108.50
105.00 108.00
105.50 108.00
106.00 107.50
106.50 107.00
107.00 106.50
107.50 106.50
108.00 106.00
108.50 105.50
109.00 105.50
