112.50 106.00
113.00 106.00
113.50 105.50
114.00 105.50
114.50 105.00
115.00 105.00
115.50 105.00
116.00 104.50
116.50 104.50
117.00 104.50
117.50 104.50
118.00 104.00
118.50 104.00
119.00 104.00
119.50 104.00
120.00 104.00
120.50 104.00
121.00 104.00
121.50 104.00
122.00 104.00
122.50 104.00
123.00 104.00
123.50 104.00
124.00 104.00
124.50 104.00
125.00 104.00
125.50 104.00
126.00 104.00
126.50 104.00
127.00 104.00
127.50 104.50
128.00 104.50
128.50 104.50
129.00 104.50
129.50 105.00
130.00 105.00
130.50 105.00
131.00 105.00
131.50 105.50
132.00 106.00
132.50 106.00
133.00 106.00
133.50 106.50
134.00 106.50
134.50 107.00
135.00 107.50
135.50 107.50
136.00 108.00
136.50 108.50
137.00 109.00
137.50 109.00
138.00 109.50
138.50 110.00
139.00 110.50
139.50 111.00
140.00 111.50
140.50 112.00
140.50 112.50
141.00 113.00
141.50 113.50
141.50 114.00
142.00 114.50
142.00 115.00
142.50 115.50
142.50 116.00
143.00 116.50
143.00 117.00
143.50 117.50
143.50 118.00
143.50 118.50
143.50 119.00
144.00 119.50
144.00 120.00
144.00 120.50
144.00 121.00
144.50 121.50
144.50 122.00
144.50 122.50
144.50 123.00
144.50 123.50
144.50 124.00
144.50 124.50
144.50 125.00
144.50 125.50
144.50 126.00
144.50 126.50
144.50 127.00
144.50 127.50
144.50 128.00
144.50 128.50
144.50 129.00
144.50 129.50
144.00 130.00
144.00 130.50
144.00 131.00
144.00 131.50
144.00 132.00
143.50 132.50
143.50 133.00
143.50 133.50
143.00 134.00
143.00 134.50
143.00 135.00
142.50 135.50
142.50 136.00
142.00 136.50
142.00 137.00
141.50 137.50
141.00 138.00
141.00 138.50
140.50 139.00
140.00 139.50
139.50 140.00
139.00 140.50
138.50 141.00
138.00 141.00
137.50 141.50
137.00 142.00
136.50 142.00
136.00 142.50
135.50 142.50
135.00 143.00
134.50 143.00
134.00 143.00
133.50 143.50
133.00 143.50
132.50 144.00
132.00 144.00
131.50 144.00
131.00 144.50
130.50 144.50
130.00 144.50
129.50 145.00
129.00 145.00
128.50 145.00
128.00 145.00
127.50 145.50
127.00 145.50
126.50 145.50
126.00 145.50
125.50 145.50
125.00 146.00
124.50 146.00
124.00 146.00
123.50 146.00
123.00 146.00
122.50 146.50
122.00 146.50
121.50 146.50
121.00 146.50
120.50 146.50
120.00 146.50
119.50 146.50
119.00 146.50
118.50 146.50
118.00 146.50
117.50 146.50
117.00 146.50
116.50 146.50
116.00 146.50
115.50 146.50
115.00 146.50
114.50 146.50
114.00 146.50
113.50 146.50
113.00 146.00
112.50 146.00
112.00 146.00
111.50 145.50
111.00 145.50
110.50 145.00
110.00 145.00
109.50 144.50
109.00 144.50
108.50 144.00
108.00 143.50
107.50 143.00
107.00 142.50
106.50 142.50
106.00 142.00
106.00 141.50
105.50 141.00
105.50 140.50
105.00 140.00
104.50 139.50
104.00 139.00
104.00 138.50
103.50 138.00
103.50 137.50
103.00 137.00
103.00 136.50
102.50 136.00
102.50 135.50
102.50 135.00
102.00 134.50
102.00 134.00
101.50 133.50
101.50 133.00
101.50 132.50
101.50 132.00
101.50 131.50
101.00 131.00
101.00 130.50
101.00 130.00
101.00 129.50
100.50 129.00
100.50 128.50
100.50 128.00
100.50 127.50
100.50 127.00
100.50 126.50
100.50 126.00
100.50 125.50
100.50 125.00
100.50 124.50
100.50 124.00
100.50 123.50
100.50 123.00
100.50 122.50
100.50 122.00
100.50 121.50
101.00 121.00
101.00 120.50
101.00 120.00
101.00 119.50
101.00 119.00
101.50 118.50
101.50 118.00
101.50 117.50
102.00 117.00
102.00 116.50
102.50 116.00
102.50 115.50
102.50 115.00
103.00 114.50
103.50 114.00
103.50 113.50
104.00 113.00
104.50 112.50
105.00 112.00
105.50 111.50
105.50 111.00
106.00 110.50
106.50 110.00
107.00 109.50
107.50 109.00
108.00 109.00
108.50 108.50
109.00 108.00
109.50 107.50
110.00 107.50
110.50 107.00
111.00 106.50
111.50 106.50
112.00 106.50
