93.50 124.00
94.00 124.00
94.50 123.50
95.00 123.00
95.50 123.00
96.00 122.50
96.50 122.00
97.00 121.50
97.50 121.50
98.00 121.00
98.50 120.50
99.00 120.00
99.50 119.50
99.50 119.00
100.00 118.50
100.50 118.00
100.50 117.50
101.00 117.00
101.00 116.50
101.50 116.00
101.50 115.50
102.00 115.00
102.00 114.50
102.50 114.00
102.50 113.50
103.00 113.00
103.00 112.50
103.50 112.00
104.00 111.50
104.00 111.00
104.50 110.50
105.00 110.00
105.50 109.50
106.00 109.00
106.50 108.50
106.50 108.00
107.00 107.50
107.50 107.00
108.00 106.50
108.50 106.00
109.00 106.00
109.50 105.50
109.50 105.00
110.00 104.50
110.50 104.00
110.50 103.50
111.00 103.00
111.00 102.50
111.50 102.00
112.00 101.50
112.00 101.00
112.00 100.50
112.50 100.00
113.00 99.50
113.50 99.50
114.00 99.50
114.50 99.50
115.00 99.00
115.50 99.00
116.00 99.00
116.50 99.00
117.00 99.00
117.50 99.00
118.00 99.00
118.50 98.50
119.00 98.50
119.50 98.50
120.00 98.50
120.50 98.50
121.00 98.50
121.50 98.50
122.00 98.00
122.50 98.00
123.00 98.00
123.50 98.00
124.00 98.00
124.50 98.00
125.00 98.00
125.50 97.50
126.00 97.50
126.50 97.50
127.00 97.50
127.50 97.50
128.00 97.50
128.50 97.50
129.00 97.50
129.50 97.50
130.00 97.50
130.50 97.50
131.00 97.50
131.50 97.50
132.00 97.50
132.50 97.50
133.00 97.50
133.50 97.50
134.00 97.50
134.50 97.50
135.00 98.00
135.50 98.00
136.00 98.00
136.50 98.00
137.00 98.50
137.50 98.50
138.00 98.50
138.50 98.50
139.00 99.00
139.50 99.00
140.00 99.00
140.50 99.50
141.00 99.50
141.50 99.50
142.00 100.00
142.50 100.50
143.00 100.50
143.50 101.00
144.00 101.00
144.50 101.50
145.00 102.00
145.50 102.00
146.00 102.50
146.50 103.00
147.00 103.50
147.50 104.00
148.00 104.50
148.50 105.00
149.00 105.50
149.50 106.00
149.50 106.50
150.00 107.00
150.00 107.50
150.50 108.00
151.00 108.50
151.00 109.00
151.50 109.50
151.50 110.00
152.00 110.50
152.00 111.00
152.00 111.50
152.50 112.00
152.50 112.50
153.00 113.00
153.00 113.50
153.50 114.00
153.50 114.50
153.50 115.00
154.00 115.50
154.00 116.00
154.00 116.50
154.50 117.00
154.50 117.50
154.50 118.00
155.00 118.50
155.00 119.00
155.00 119.50
155.00 120.00
155.50 120.50
155.50 121.00
155.50 121.50
155.50 122.00
155.50 122.50
156.00 123.00
156.00 123.50
156.00 124.00
156.00 124.50
156.00 125.00
156.00 125.50
156.00 126.00
156.00 126.50
156.00 127.00
156.00 127.50
156.00 128.00
156.00 128.50
156.00 129.00
156.00 129.50
156.00 130.00
156.00 130.50
156.00 131.00
156.00 131.50
156.00 132.00
156.00 132.50
155.50 133.00
155.50 133.50
155.50 134.00
155.50 134.50
155.50 135.00
155.00 135.50
155.00 136.00
155.00 136.50
155.00 137.00
154.50 137.50
154.50 138.00
154.50 138.50
154.00 139.00
154.00 139.50
153.50 140.00
153.50 140.50
153.50 141.00
153.00 141.50
153.00 142.00
152.50 142.50
152.00 143.00
152.00 143.50
151.50 144.00
151.00 144.50
150.50 145.00
150.50 145.50
150.00 146.00
149.50 146.50
149.00 147.00
148.50 147.50
148.00 148.00
147.50 148.50
147.00 149.00
146.50 149.00
146.00 149.50
145.50 150.00
145.00 150.50
144.50 151.00
144.00 151.00
143.50 151.50
143.00 152.00
142.50 152.00
142.00 152.50
141.50 152.50
141.00 152.50
140.50 153.00
140.00 153.00
139.50 153.50
139.00 153.50
138.50 154.00
138.00 154.00
137.50 154.50
137.00 154.50
136.50 155.00
136.00 155.00
135.50 155.00
135.00 155.00
134.50 155.50
134.00 155.50
133.50 155.50
133.00 156.00
132.50 156.00
132.00 156.00
131.50 156.00
131.00 156.00
130.50 156.50
130.00 156.50
129.50 156.50
129.00 156.50
128.50 157.00
128.00 157.00
127.50 157.00
127.00 157.00
126.50 157.00
126.00 157.00
125.50 157.50
125.00 157.50
124.50 157.50
124.00 157.50
123.50 157.50
123.00 157.50
122.50 157.50
122.00 157.50
121.50 157.50
121.00 157.50
120.50 157.50
120.00 157.50
119.50 157.50
119.00 157.50
118.50 157.50
118.00 157.50
117.50 157.50
117.00 157.50
116.50 157.50
116.00 157.50
115.50 157.50
115.00 157.50
114.50 157.50
114.00 157.50
113.50 157.50
113.00 157.00
112.50 157.00
112.00 157.00
111.50 157.00
111.00 157.00
110.50 156.50
110.00 156.50
109.50 156.50
109.00 156.50
108.50 156.00
108.00 156.00
107.50 156.00
107.00 155.50
106.50 155.50
106.00 155.50
105.50 155.00
105.00 155.00
104.50 155.00
104.00 154.50
103.50 154.50
103.00 154.00
102.50 153.50
102.00 153.50
101.50 153.00
101.00 153.00
100.50 152.50
100.00 152.50
99.50 152.00
99.00 151.50
98.50 151.00
98.00 150.50
97.50 150.00
97.00 150.00
96.50 149.50
96.50 149.00
96.00 148.50
95.50 148.50
95.00 148.00
95.00 147.50
94.50 147.00
94.00 146.50
94.00 146.00
93.50 145.50
93.00 145.00
93.00 144.50
92.50 144.00
92.50 143.50
92.00 143.00
92.00 142.50
92.00 142.00
91.50 141.50
91.50 141.00
91.50 140.50
91.50 140.00
91.00 139.50
91.00 139.00
91.00 138.50
91.00 138.00
91.00 137.50
91.00 137.00
91.00 136.50
91.00 136.00
91.00 135.50
91.00 135.00
91.00 134.50
91.00 134.00
91.00 133.50
91.00 133.00
91.00 132.50
91.50 132.00
91.50 131.50
91.50 131.00
91.50 130.50
91.50 130.00
91.50 129.50
91.50 129.00
92.00 128.50
92.00 128.00
92.00 127.50
92.00 127.00
92.00 126.50
92.00 126.00
92.50 125.50
92.50 125.00
93.00 124.50
