115.00 101.00
115.50 101.00
116.00 100.50
116.50 100.50
117.00 100.00
117.50 100.00
118.00 100.00
118.50 99.50
119.00 99.50
119.50 99.50
120.00 99.50
120.50 99.00
121.00 99.00
121.50 99.00
122.00 99.00
122.50 98.50
123.00 98.50
123.50 98.50
124.00 98.50
124.50 98.50
125.00 98.50
125.50 98.50
126.00 98.50
126.50 98.50
127.00 98.50
127.50 98.50
128.00 98.50
128.50 98.50
129.00 98.50
129.50 98.50
130.00 99.00
130.50 99.00
131.00 99.00
131.50 99.00
132.00 99.00
132.50 99.50
133.00 99.50
133.50 100.00
134.00 100.00
134.50 100.50
135.00 100.50
135.50 101.00
136.00 101.00
136.50 101.50
137.00 102.00
137.50 102.50
138.00 102.50
138.50 103.00
139.00 103.50
139.50 103.50
140.00 104.00
140.50 104.50
141.00 105.00
141.50 105.00
142.00 105.50
142.50 106.00
143.00 106.50
143.50 107.00
144.00 107.50
144.50 108.00
145.00 108.50
145.50 108.50
146.00 109.00
146.50 109.50
147.00 110.00
147.50 110.50
147.50 111.00
148.00 111.50
148.50 112.00
149.00 112.50
149.50 113.00
150.00 113.50
150.00 114.00
150.50 114.50
150.50 115.00
151.00 115.50
151.50 116.00
151.50 116.50
151.50 117.00
152.00 117.50
152.00 118.00
152.50 118.50
152.50 119.00
152.50 119.50
153.00 120.00
153.00 120.50
153.00 121.00
153.00 121.50
153.00 122.00
153.00 122.50
153.50 123.00
153.50 123.50
153.50 124.00
153.50 124.50
153.50 125.00
153.50 125.50
153.50 126.00
153.50 126.50
153.50 127.00
153.50 127.50
153.50 128.00
153.50 128.50
153.00 129.00
153.00 129.50
153.00 130.00
153.00 130.50
153.00 131.00
153.00 131.50
152.50 132.00
152.50 132.50
152.50 133.00
152.00 133.50
152.00 134.00
152.00 134.50
151.50 135.00
151.50 135.50
151.00 136.00
151.00 136.50
150.50 137.00
150.50 137.50
150.00 138.00
150.00 138.50
149.50 139.00
149.50 139.50
149.00 140.00
148.50 140.50
148.00 141.00
147.50 141.50
147.50 142.00
147.00 142.50
146.50 143.00
146.00 143.50
145.50 144.00
145.00 144.50
144.50 145.00
144.00 145.50
143.50 146.00
143.00 146.00
142.50 146.50
142.00 147.00
141.50 147.50
141.00 148.00
140.50 148.00
140.00 148.50
139.50 148.50
139.00 149.00
138.50 149.00
138.00 149.50
137.50 150.00
137.00 150.00
136.50 150.00
136.00 150.50
135.50 150.50
135.00 151.00
134.50 151.00
134.00 151.50
133.50 151.50
133.00 151.50
132.50 152.00
132.00 152.00
131.50 152.00
131.00 152.50
130.50 152.50
130.00 152.50
129.50 152.50
129.00 153.00
128.50 153.00
128.00 153.00
127.50 153.00
127.00 153.00
126.50 153.50
126.00 153.50
125.50 153.50
125.00 153.50
124.50 153.50
124.00 153.50
123.50 153.50
123.00 153.50
122.50 153.50
122.00 153.50
121.50 153.50
121.00 153.50
120.50 153.50
120.00 153.50
119.50 153.50
119.00 153.50
118.50 153.50
118.00 153.50
117.50 153.50
117.00 153.50
116.50 153.50
116.00 153.50
115.50 153.50
115.00 153.50
114.50 153.50
114.00 153.50
113.50 153.50
113.00 153.00
112.50 153.00
112.00 153.00
111.50 153.00
111.00 153.00
110.50 152.50
110.00 152.50
109.50 152.50
109.00 152.50
108.50 152.00
108.00 152.00
107.50 152.00
107.00 151.50
106.50 151.50
106.00 151.00
105.50 151.00
105.00 150.50
104.50 150.50
104.00 150.00
103.50 150.00
103.00 149.50
102.50 149.00
102.00 148.50
101.50 148.00
101.00 147.50
100.50 147.00
100.00 146.50
99.50 146.00
99.50 145.50
99.00 145.00
99.00 144.50
98.50 144.00
98.50 143.50
98.00 143.00
98.00 142.50
97.50 142.00
97.50 141.50
97.00 141.00
97.00 140.50
97.00 140.00
96.50 139.50
96.50 139.00
96.50 138.50
96.00 138.00
96.00 137.50
96.00 137.00
96.00 136.50
96.00 136.00
96.00 135.50
95.50 135.00
95.50 134.50
95.50 134.00
95.50 133.50
95.50 133.00
95.50 132.50
95.50 132.00
95.50 131.50
95.50 131.00
95.50 130.50
95.50 130.00
95.50 129.50
95.50 129.00
95.50 128.50
95.50 128.00
95.50 127.50
95.50 127.00
96.00 126.50
96.00 126.00
96.00 125.50
96.00 125.00
96.00 124.50
96.00 124.00
96.50 123.50
96.50 123.00
96.50 122.50
97.00 122.00
97.00 121.50
97.00 121.00
97.50 120.50
97.50 120.00
97.50 119.50
98.00 119.00
98.00 118.50
98.00 118.00
98.50 117.50
98.50 117.00
99.00 116.50
99.00 116.00
99.50 115.50
100.00 115.00
100.00 114.50
100.50 114.00
100.50 113.50
101.00 113.00
101.50 112.50
101.50 112.00
102.00 111.50
102.50 111.00
103.00 110.50
103.50 110.00
103.50 109.50
104.00 109.00
104.50 108.50
105.00 108.00
105.50 107.50
106.00 107.00
106.50 106.50
107.00 106.00
107.50 105.50
108.00 105.00
108.50 105.00
109.00 104.50
109.50 104.00
110.00 104.00
110.50 103.50
111.00 103.00
111.50 103.00
112.00 102.50
112.50 102.50
113.00 102.00
113.50 102.00
114.00 101.50
114.50 101.00
