116.50 99.50
117.00 99.50
117.50 99.00
118.00 99.00
118.50 99.00
119.00 99.00
119.50 98.50
120.00 98.50
120.50 98.50
121.00 98.50
121.50 98.00
122.00 98.00
122.50 98.00
123.00 98.00
123.50 98.00
124.00 98.00
124.50 97.50
125.00 97.50
125.50 97.50
126.00 97.50
126.50 97.50
127.00 97.50
127.50 97.50
128.00 97.50
128.50 97.50
129.00 97.50
129.50 97.50
130.00 97.50
130.50 97.50
131.00 97.50
131.50 97.50
132.00 97.50
132.50 97.50
133.00 97.50
133.50 97.50
134.00 97.50
134.50 98.00
135.00 98.00
135.50 98.00
136.00 98.00
136.50 98.00
137.00 98.50
137.50 98.50
138.00 98.50
138.50 99.00
139.00 99.00
139.50 99.00
140.00 99.50
140.50 99.50
141.00 100.00
141.50 100.00
142.00 100.00
142.50 100.50
143.00 100.50
143.50 101.00
144.00 101.00
144.50 101.50
145.00 102.00
145.50 102.50
146.00 102.50
146.50 103.00
147.00 103.50
147.50 104.00
148.00 104.50
148.50 105.00
149.00 105.50
149.00 106.00
149.50 106.50
150.00 107.00
150.50 107.50
150.50 108.00
151.00 108.50
151.50 109.00
152.00 109.50
152.00 110.00
152.50 110.50
152.50 111.00
153.00 111.50
153.00 112.00
153.00 112.50
153.50 113.00
153.50 113.50
154.00 114.00
154.00 114.50
154.50 115.00
154.50 115.50
154.50 116.00
155.00 116.50
155.00 117.00
155.00 117.50
155.50 118.00
155.50 118.50
155.50 119.00
155.50 119.50
156.00 120.00
156.00 120.50
156.00 121.00
156.00 121.50
156.50 122.00
156.50 122.50
156.50 123.00
156.50 123.50
156.50 124.00
156.50 124.50
156.50 125.00
157.00 125.50
157.00 126.00
157.00 126.50
157.00 127.00
157.00 127.50
157.00 128.00
157.00 128.50
157.00 129.00
157.00 129.50
157.00 130.00
157.00 130.50
157.00 131.00
156.50 131.50
156.50 132.00
156.50 132.50
156.50 133.00
156.50 133.50
156.50 134.00
156.00 134.50
156.00 135.00
156.00 135.50
155.50 136.00
155.50 136.50
155.50 137.00
155.00 137.50
155.00 138.00
154.50 138.50
154.50 139.00
154.00 139.50
153.50 140.00
153.50 140.50
153.00 141.00
152.50 141.50
152.50 142.00
152.00 142.50
152.00 143.00
151.50 143.50
151.00 144.00
150.50 144.50
150.00 145.00
149.50 145.50
149.00 146.00
148.50 146.50
148.00 147.00
147.50 147.00
147.00 147.50
146.50 148.00
146.00 148.50
145.50 149.00
145.00 149.00
144.50 149.50
144.00 150.00
143.50 150.00
143.00 150.50
142.50 151.00
142.00 151.00
141.50 151.50
141.00 151.50
140.50 152.00
140.00 152.50
139.50 152.50
139.00 152.50
138.50 153.00
138.00 153.50
137.50 153.50
137.00 154.00
136.50 154.00
136.00 154.00
135.50 154.50
135.00 155.00
134.50 155.00
134.00 155.00
133.50 155.50
133.00 155.50
132.50 155.50
132.00 156.00
131.50 156.00
131.00 156.00
130.50 156.50
130.00 156.50
129.50 156.50
129.00 156.50
128.50 157.00
128.00 157.00
127.50 157.00
127.00 157.00
126.50 157.50
126.00 157.50
125.50 157.50
125.00 157.50
124.50 157.50
124.00 157.50
123.50 157.50
123.00 158.00
122.50 158.00
122.00 158.00
121.50 158.00
121.00 158.00
120.50 158.00
120.00 158.00
119.50 158.00
119.00 158.00
118.50 158.00
118.00 158.00
117.50 158.00
117.00 158.00
116.50 158.00
116.00 158.00
115.50 158.00
115.00 158.00
114.50 158.00
114.00 158.00
113.50 157.50
113.00 157.50
112.50 157.50
112.00 157.50
111.50 157.50
111.00 157.50
110.50 157.50
110.00 157.00
109.50 157.00
109.00 157.00
108.50 157.00
108.00 156.50
107.50 156.50
107.00 156.50
106.50 156.00
106.00 156.00
105.50 156.00
105.00 155.50
104.50 155.50
104.00 155.00
103.50 155.00
103.00 154.50
102.50 154.50
102.00 154.00
101.50 153.50
101.00 153.50
100.50 153.00
100.00 152.50
99.50 152.00
99.00 151.50
98.50 151.00
98.00 150.50
97.50 150.00
97.00 149.50
97.00 149.00
96.50 148.50
96.00 148.00
96.00 147.50
95.50 147.00
95.50 146.50
95.50 146.00
95.00 145.50
95.00 145.00
94.50 144.50
94.50 144.00
94.00 143.50
94.00 143.00
94.00 142.50
93.50 142.00
93.50 141.50
93.50 141.00
93.00 140.50
93.00 140.00
93.00 139.50
93.00 139.00
92.50 138.50
92.50 138.00
92.50 137.50
92.50 137.00
92.50 136.50
92.00 136.00
92.00 135.50
92.00 135.00
92.00 134.50
92.00 134.00
92.00 133.50
92.00 133.00
92.00 132.50
91.50 132.00
91.50 131.50
91.50 131.00
91.50 130.50
91.50 130.00
91.50 129.50
91.50 129.00
91.50 128.50
91.50 128.00
91.50 127.50
91.50 127.00
91.50 126.50
91.50 126.00
92.00 125.50
92.00 125.00
92.00 124.50
92.00 124.00
92.00 123.50
92.00 123.00
92.00 122.50
92.50 122.00
92.50 121.50
92.50 121.00
92.50 120.50
93.00 120.00
93.00 119.50
93.00 119.00
93.00 118.50
93.50 118.00
93.50 117.50
94.00 117.00
94.00 116.50
94.00 116.00
94.50 115.50
94.50 115.00
95.00 114.50
95.50 114.00
95.50 113.50
96.00 113.00
96.00 112.50
96.50 112.00
97.00 111.50
97.50 111.00
98.00 110.50
98.50 110.00
99.00 109.50
99.50 109.00
100.00 108.50
100.50 108.00
101.00 107.50
101.50 107.00
102.00 106.50
102.50 106.00
103.00 105.50
103.50 105.50
104.00 105.00
104.50 104.50
105.00 104.50
105.50 104.00
106.00 103.50
106.50 103.50
107.00 103.00
107.50 103.00
108.00 102.50
108.50 102.50
109.00 102.00
109.50 102.00
110.00 101.50
110.50 101.50
111.00 101.50
111.50 101.00
112.00 101.00
112.50 101.00
113.00 100.50
113.50 100.50
114.00 100.00
114.50 100.00
115.00 100.00
115.50 100.00
116.00 99.50
