109.50 112.00
110.00 112.00
110.50 111.50
111.00 111.50
111.50 111.00
112.00 111.00
112.50 111.00
113.00 110.50
113.50 110.50
114.00 110.50
114.50 110.50
115.00 110.00
115.50 110.00
116.00 110.00
116.50 110.00
117.00 110.00
117.50 109.50
118.00 109.50
118.50 109.50
119.00 109.50
119.50 109.50
120.00 109.50
120.50 109.50
121.00 109.50
121.50 109.00
122.00 109.00
122.50 109.00
123.00 109.00
123.50 109.00
124.00 109.00
124.50 109.00
125.00 109.00
125.50 109.00
126.00 109.50
126.50 109.50
127.00 109.50
127.50 109.50
128.00 109.50
128.50 110.00
129.00 110.00
129.50 110.00
130.00 110.50
130.50 111.00
131.00 111.00
131.50 111.50
132.00 112.00
132.50 112.50
133.00 113.00
133.50 113.50
133.50 114.00
134.00 114.50
134.50 115.00
134.50 115.50
134.50 116.00
135.00 116.50
135.00 117.00
135.50 117.50
135.50 118.00
136.00 118.50
136.00 119.00
136.00 119.50
136.00 120.00
136.50 120.50
136.50 121.00
136.50 121.50
136.50 122.00
136.50 122.50
136.50 123.00
137.00 123.50
137.00 124.00
137.00 124.50
137.00 125.00
137.00 125.50
137.00 126.00
137.00 126.50
136.50 127.00
136.50 127.50
136.50 128.00
136.50 128.50
136.50 129.00
136.50 129.50
136.50 130.00
136.00 130.50
136.00 131.00
136.00 131.50
135.50 132.00
135.50 132.50
135.00 133.00
135.00 133.50
135.00 134.00
134.50 134.50
134.00 135.00
134.00 135.50
133.50 136.00
133.00 136.50
133.00 137.00
132.50 137.50
132.00 138.00
131.50 138.50
131.00 139.00
130.50 139.00
130.00 139.50
129.50 140.00
129.00 140.50
128.50 141.00
128.00 141.50
127.50 141.50
127.00 141.50
126.50 142.00
126.00 142.50
125.50 142.50
125.00 143.00
124.50 143.50
124.00 143.50
123.50 143.50
123.00 144.00
122.50 144.00
122.00 144.50
121.50 144.50
121.00 145.00
120.50 145.00
120.00 145.00
119.50 145.50
119.00 145.50
118.50 145.50
118.00 145.50
117.50 145.50
117.00 146.00
116.50 146.00
116.00 146.00
115.50 146.00
115.00 146.00
114.50 146.00
114.00 146.00
113.50 146.00
113.00 146.00
112.50 146.00
112.00 145.50
111.50 145.50
111.00 145.00
110.50 145.00
110.00 145.00
109.50 144.50
109.00 144.50
108.50 144.00
108.00 143.50
107.50 143.00
107.00 142.50
106.50 142.50
106.00 142.00
105.50 141.50
105.00 141.00
105.00 140.50
104.50 140.00
104.00 139.50
104.00 139.00
103.50 138.50
103.50 138.00
103.00 137.50
102.50 137.00
102.50 136.50
102.50 136.00
102.00 135.50
102.00 135.00
101.50 134.50
101.50 134.00
101.50 133.50
101.50 133.00
101.00 132.50
101.00 132.00
101.00 131.50
101.00 131.00
101.00 130.50
100.50 130.00
100.50 129.50
100.50 129.00
100.50 128.50
100.50 128.00
100.50 127.50
100.50 127.00
100.50 126.50
100.50 126.00
100.50 125.50
100.50 125.00
101.00 124.50
101.00 124.00
101.00 123.50
101.00 123.00
101.00 122.50
101.00 122.00
101.50 121.50
101.50 121.00
101.50 120.50
101.50 120.00
102.00 119.50
102.00 119.00
102.50 118.50
102.50 118.00
103.00 117.50
103.00 117.00
103.50 116.50
104.00 116.00
104.50 115.50
105.00 115.00
105.50 114.50
106.00 114.00
106.50 113.50
107.00 113.50
107.50 113.00
108.00 113.00
108.50 112.50
109.00 112.00
