106.00 106.00
106.50 105.50
107.00 105.50
107.50 105.00
108.00 104.50
108.50 104.50
109.00 104.00
109.50 104.00
110.00 103.50
110.50 103.50
111.00 103.00
111.50 103.00
112.00 102.50
112.50 102.50
113.00 102.00
113.50 102.00
114.00 102.00
114.50 101.50
115.00 101.50
115.50 101.50
116.00 101.00
116.50 101.00
117.00 101.00
117.50 100.50
118.00 100.50
118.50 100.50
119.00 100.50
119.50 100.00
120.00 100.00
120.50 100.00
121.00 100.00
121.50 100.00
122.00 100.00
122.50 99.50
123.00 99.50
123.50 99.50
124.00 99.50
124.50 99.50
125.00 99.50
125.50 99.50
126.00 99.50
126.50 99.50
127.00 99.50
127.50 99.50
128.00 99.50
128.50 99.50
129.00 99.50
129.50 99.50
130.00 99.50
130.50 99.50
131.00 99.50
131.50 99.50
132.00 99.50
132.50 99.50
133.00 100.00
133.50 100.00
134.00 100.00
134.50 100.00
135.00 100.00
135.50 100.50
136.00 100.50
136.50 100.50
137.00 100.50
137.50 101.00
138.00 101.00
138.50 101.50
139.00 101.50
139.50 101.50
140.00 102.00
140.50 102.00
141.00 102.50
141.50 102.50
142.00 103.00
142.50 103.50
143.00 103.50
143.50 104.00
144.00 104.50
144.50 105.00
145.00 105.00
145.50 105.50
146.00 106.00
146.50 106.50
147.00 107.00
147.50 107.50
147.50 108.00
148.00 108.50
148.50 109.00
149.00 109.50
149.50 110.00
149.50 110.50
150.00 111.00
150.50 111.50
150.50 112.00
151.00 112.50
151.00 113.00
151.50 113.50
152.00 114.00
152.00 114.50
152.50 115.00
152.50 115.50
153.00 116.00
153.00 116.50
153.00 117.00
153.50 117.50
153.50 118.00
154.00 118.50
154.00 119.00
154.50 119.50
154.50 120.00
154.50 120.50
154.50 121.00
155.00 121.50
155.00 122.00
155.00 122.50
155.00 123.00
155.50 123.50
155.50 124.00
155.50 124.50
155.50 125.00
155.50 125.50
156.00 126.00
156.00 126.50
156.00 127.00
156.00 127.50
156.00 128.00
156.00 128.50
156.00 129.00
156.00 129.50
156.00 130.00
156.00 130.50
156.00 131.00
156.00 131.50
156.00 132.00
156.00 132.50
155.50 133.00
155.50 133.50
155.50 134.00
155.50 134.50
155.00 135.00
155.00 135.50
155.00 136.00
154.50 136.50
154.50 137.00
154.50 137.50
154.00 138.00
154.00 138.50
153.50 139.00
153.50 139.50
153.00 140.00
152.50 140.50
152.50 141.00
152.00 141.50
151.50 142.00
151.50 142.50
151.00 143.00
150.50 143.50
150.00 144.00
150.00 144.50
149.50 145.00
149.00 145.50
148.50 146.00
148.00 146.00
147.50 146.50
147.50 147.00
147.00 147.50
146.50 148.00
146.00 148.50
145.50 148.50
145.00 149.00
144.50 149.50
144.00 150.00
143.50 150.50
143.00 150.50
142.50 151.00
142.00 151.50
141.50 151.50
141.00 152.00
140.50 152.50
140.00 152.50
139.50 153.00
139.00 153.50
138.50 153.50
138.00 154.00
137.50 154.00
137.00 154.50
136.50 154.50
136.00 154.50
135.50 155.00
135.00 155.00
134.50 155.50
134.00 155.50
133.50 156.00
133.00 156.00
132.50 156.50
132.00 156.50
131.50 156.50
131.00 157.00
130.50 157.00
130.00 157.00
129.50 157.50
129.00 157.50
128.50 157.50
128.00 157.50
127.50 158.00
127.00 158.00
126.50 158.00
126.00 158.50
125.50 158.50
125.00 158.50
124.50 158.50
124.00 158.50
123.50 159.00
123.00 159.00
122.50 159.00
122.00 159.00
121.50 159.00
121.00 159.00
120.50 159.00
120.00 159.50
119.50 159.50
119.00 159.50
118.50 159.50
118.00 159.50
117.50 159.50
117.00 159.50
116.50 159.50
116.00 159.50
115.50 159.50
115.00 159.50
114.50 159.50
114.00 159.50
113.50 159.50
113.00 159.50
112.50 159.50
112.00 159.00
111.50 159.00
111.00 159.00
110.50 159.00
110.00 159.00
109.50 158.50
109.00 158.50
108.50 158.50
108.00 158.50
107.50 158.00
107.00 158.00
106.50 158.00
106.00 157.50
105.50 157.50
105.00 157.00
104.50 157.00
104.00 156.50
103.50 156.50
103.00 156.00
102.50 156.00
102.00 155.50
101.50 155.00
101.00 155.00
100.50 154.50
100.00 154.00
99.50 153.50
99.00 153.00
98.50 152.50
98.00 152.50
97.50 152.00
97.50 151.50
97.00 151.00
96.50 150.50
96.00 150.00
95.50 149.50
95.50 149.00
95.00 148.50
94.50 148.00
94.50 147.50
94.00 147.00
94.00 146.50
94.00 146.00
93.50 145.50
93.50 145.00
93.00 144.50
93.00 144.00
93.00 143.50
93.00 143.00
92.50 142.50
92.50 142.00
92.50 141.50
92.50 141.00
92.50 140.50
92.50 140.00
92.00 139.50
92.00 139.00
92.00 138.50
92.00 138.00
92.00 137.50
92.00 137.00
92.00 136.50
92.00 136.00
92.00 135.50
92.00 135.00
92.00 134.50
92.00 134.00
92.00 133.50
92.00 133.00
92.00 132.50
92.50 132.00
92.50 131.50
92.50 131.00
92.50 130.50
92.50 130.00
92.50 129.50
92.50 129.00
92.50 128.50
93.00 128.00
93.00 127.50
93.00 127.00
93.00 126.50
93.00 126.00
93.00 125.50
93.50 125.00
93.50 124.50
93.50 124.00
93.50 123.50
94.00 123.00
94.00 122.50
94.00 122.00
94.50 121.50
94.50 121.00
94.50 120.50
94.50 120.00
95.00 119.50
95.00 119.00
95.00 118.50
95.50 118.00
95.50 117.50
96.00 117.00
96.00 116.50
96.50 116.00
97.00 115.50
97.00 115.00
97.50 114.50
97.50 114.00
98.00 113.50
98.50 113.00
99.00 112.50
99.00 112.00
99.50 111.50
100.00 111.00
100.50 110.50
101.00 110.00
101.50 109.50
102.00 109.00
102.50 108.50
103.00 108.00
103.50 107.50
104.00 107.50
104.50 107.00
105.00 107.00
105.50 106.50
