136.00 100.00
136.50 100.00
137.00 100.50
137.50 101.00
138.00 101.00
138.50 101.00
139.00 101.50
139.50 102.00
140.00 102.00
140.50 102.50
141.00 102.50
141.50 103.00
142.00 103.50
142.50 104.00
143.00 104.00
143.50 104.50
143.50 105.00
144.00 105.50
144.50 105.50
145.00 106.00
145.00 106.50
145.50 107.00
146.00 107.50
146.50 108.00
147.00 108.50
147.50 109.00
147.50 109.50
148.00 110.00
148.00 110.50
148.50 111.00
149.00 111.50
149.00 112.00
149.00 112.50
149.50 113.00
150.00 113.50
150.00 114.00
150.00 114.50
150.50 115.00
150.50 115.50
150.50 116.00
151.00 116.50
151.00 117.00
151.50 117.50
151.50 118.00
152.00 118.50
152.00 119.00
152.50 119.50
152.50 120.00
152.50 120.50
153.00 121.00
153.00 121.50
153.00 122.00
153.00 122.50
153.00 123.00
153.00 123.50
153.00 124.00
153.00 124.50
153.00 125.00
153.00 125.50
153.00 126.00
153.00 126.50
153.00 127.00
153.00 127.50
153.00 128.00
153.00 128.50
152.50 129.00
152.50 129.50
152.50 130.00
152.50 130.50
152.00 131.00
152.00 131.50
152.00 132.00
151.50 132.50
151.50 133.00
151.00 133.50
151.00 134.00
151.00 134.50
150.50 135.00
150.00 135.50
149.50 136.00
149.00 136.00
148.50 136.50
148.00 137.00
147.50 137.50
147.00 137.50
146.50 138.00
146.00 138.50
145.50 138.50
145.00 139.00
144.50 139.00
144.00 139.00
143.50 139.50
143.00 139.50
142.50 139.50
142.00 140.00
141.50 140.00
141.00 140.00
140.50 140.50
140.00 140.50
139.50 140.50
139.00 140.50
138.50 141.00
138.00 141.00
137.50 141.00
137.00 141.00
136.50 141.00
136.00 141.50
135.50 141.50
135.00 141.50
134.50 141.50
134.00 141.50
133.50 141.50
133.00 141.50
132.50 141.50
132.00 141.50
131.50 141.50
131.00 141.50
130.50 141.50
130.00 141.50
129.50 141.50
129.00 141.00
128.50 141.00
128.00 141.00
127.50 141.00
127.00 141.00
126.50 140.50
126.00 140.50
125.50 140.50
125.00 140.50
124.50 140.00
124.00 140.00
123.50 139.50
123.00 139.50
122.50 139.50
122.00 139.00
121.50 138.50
121.00 138.50
120.50 138.00
120.00 137.50
119.50 137.50
119.00 137.00
118.50 136.50
118.00 136.00
117.50 136.00
117.00 135.50
116.50 135.00
116.00 134.50
115.50 134.00
115.00 133.50
114.50 133.00
114.00 132.50
113.50 132.00
113.50 131.50
113.00 131.00
112.50 130.50
112.50 130.00
112.00 129.50
111.50 129.00
111.50 128.50
111.00 128.00
111.00 127.50
110.50 127.00
110.50 126.50
110.50 126.00
110.50 125.50
110.00 125.00
110.00 124.50
110.00 124.00
109.50 123.50
109.50 123.00
109.50 122.50
109.50 122.00
109.50 121.50
109.00 121.00
109.00 120.50
109.00 120.00
109.00 119.50
109.00 119.00
109.00 118.50
109.00 118.00
109.00 117.50
109.00 117.00
109.00 116.50
109.00 116.00
109.00 115.50
109.00 115.00
109.00 114.50
109.00 114.00
109.00 113.50
109.50 113.00
109.50 112.50
109.50 112.00
109.50 111.50
109.50 111.00
109.50 110.50
110.00 110.00
110.00 109.50
110.00 109.00
110.50 108.50
110.50 108.00
110.50 107.50
110.50 107.00
111.00 106.50
111.00 106.00
111.50 105.50
112.00 105.00
112.00 104.50
112.50 104.00
112.50 103.50
113.00 103.00
113.50 102.50
114.00 102.00
114.50 101.50
115.00 101.50
115.50 101.00
116.00 101.00
116.50 100.50
117.00 100.50
117.50 100.50
118.00 100.00
118.50 100.00
119.00 99.50
119.50 99.50
120.00 99.50
120.50 99.50
121.00 99.00
121.50 99.00
122.00 99.00
122.50 99.00
123.00 99.00
123.50 99.00
124.00 99.00
124.50 98.50
125.00 98.50
125.50 98.50
126.00 98.50
126.50 98.50
127.00 98.50
127.50 98.50
128.00 98.50
128.50 98.50
129.00 98.50
129.50 98.50
130.00 98.50
130.50 98.50
131.00 98.50
131.50 98.50
132.00 98.50
132.50 99.00
133.00 99.00
133.50 99.00
134.00 99.50
134.50 99.50
135.00 100.00
135.50 100.00
