130.50 106.50
131.00 106.50
131.50 106.50
132.00 106.50
132.50 106.50
133.00 106.50
133.50 106.50
134.00 106.50
134.50 106.50
135.00 106.50
135.50 106.50
136.00 106.50
136.50 106.50
137.00 106.50
137.50 106.50
138.00 106.50
138.50 106.50
139.00 107.00
139.50 107.00
140.00 107.00
140.50 107.00
141.00 107.50
141.50 107.50
142.00 107.50
142.50 108.00
143.00 108.50
143.50 108.50
144.00 109.00
144.50 109.50
145.00 110.00
145.00 110.50
145.50 111.00
146.00 111.50
146.00 112.00
146.50 112.50
147.00 113.00
147.00 113.50
147.00 114.00
147.50 114.50
147.50 115.00
148.00 115.50
148.00 116.00
148.00 116.50
148.50 117.00
148.50 117.50
148.50 118.00
148.50 118.50
149.00 119.00
149.00 119.50
149.00 120.00
149.00 120.50
149.00 121.00
149.50 121.50
149.50 122.00
149.50 122.50
149.50 123.00
150.00 123.50
150.00 124.00
150.00 124.50
150.00 125.00
150.00 125.50
150.00 126.00
150.00 126.50
150.00 127.00
150.00 127.50
150.00 128.00
150.00 128.50
150.00 129.00
150.00 129.50
149.50 130.00
149.50 130.50
149.50 131.00
149.50 131.50
149.00 132.00
149.00 132.50
149.00 133.00
148.50 133.50
148.00 134.00
148.00 134.50
148.00 135.00
147.50 135.50
147.00 136.00
147.00 136.50
146.50 137.00
146.00 137.50
146.00 138.00
145.50 138.50
145.00 139.00
144.50 139.50
144.00 140.00
143.50 140.50
143.00 141.00
142.50 141.50
142.00 142.00
141.50 142.50
141.00 142.50
140.50 143.00
140.00 143.50
139.50 144.00
139.00 144.00
138.50 144.50
138.00 145.00
137.50 145.00
137.00 145.50
136.50 146.00
136.00 146.00
135.50 146.50
135.00 146.50
134.50 147.00
134.00 147.00
133.50 147.50
133.00 147.50
132.50 147.50
132.00 148.00
131.50 148.00
131.00 148.00
130.50 148.00
130.00 148.50
129.50 148.50
129.00 148.50
128.50 148.50
128.00 148.50
127.50 148.50
127.00 148.50
126.50 148.50
126.00 148.50
125.50 148.50
125.00 148.50
124.50 148.50
124.00 148.50
123.50 148.00
123.00 148.00
122.50 148.00
122.00 147.50
121.50 147.50
121.00 147.00
120.50 147.00
120.00 147.00
119.50 146.50
119.00 146.00
118.50 146.00
118.00 145.50
117.50 145.50
117.00 145.00
116.50 144.50
116.00 144.00
115.50 143.50
115.00 143.00
114.50 142.50
114.00 142.00
113.50 141.50
113.00 141.00
112.50 140.50
112.00 140.00
112.00 139.50
111.50 139.00
111.50 138.50
111.00 138.00
110.50 137.50
110.50 137.00
110.00 136.50
109.50 136.00
109.50 135.50
109.50 135.00
109.00 134.50
109.00 134.00
109.00 133.50
108.50 133.00
108.50 132.50
108.50 132.00
108.50 131.50
108.00 131.00
108.00 130.50
108.00 130.00
108.00 129.50
108.00 129.00
108.00 128.50
108.00 128.00
108.00 127.50
108.00 127.00
108.00 126.50
108.00 126.00
108.00 125.50
108.00 125.00
108.00 124.50
108.50 124.00
108.50 123.50
108.50 123.00
109.00 122.50
109.00 122.00
109.50 121.50
109.50 121.00
110.00 120.50
110.00 120.00
110.50 119.50
110.50 119.00
111.00 118.50
111.00 118.00
111.50 117.50
112.00 117.00
112.00 116.50
112.50 116.00
113.00 115.50
113.50 115.00
114.00 114.50
114.00 114.00
114.50 113.50
115.00 113.00
115.50 112.50
116.00 112.00
116.50 111.50
117.00 111.00
117.50 111.00
118.00 110.50
118.50 110.00
119.00 109.50
119.50 109.50
120.00 109.00
120.50 109.00
121.00 108.50
121.50 108.50
122.00 108.00
122.50 108.00
123.00 108.00
123.50 107.50
124.00 107.50
124.50 107.50
125.00 107.50
125.50 107.50
126.00 107.00
126.50 107.00
127.00 107.00
127.50 107.00
128.00 107.00
128.50 106.50
129.00 106.50
129.50 106.50
130.00 106.50
