126.50 96.00
127.00 96.00
127.50 96.00
128.00 96.00
128.50 96.00
129.00 96.00
129.50 96.00
130.00 96.00
130.50 96.00
131.00 96.00
131.50 96.00
132.00 96.00
132.50 96.50
133.00 96.50
133.50 96.50
134.00 96.50
134.50 97.00
135.00 97.00
135.50 97.00
136.00 97.50
136.50 97.50
137.00 97.50
137.50 98.00
138.00 98.00
138.50 98.00
139.00 98.50
139.50 98.50
140.00 98.50
140.50 99.00
141.00 99.00
141.50 99.50
142.00 99.50
142.50 99.50
143.00 100.00
143.50 100.00
144.00 100.50
144.50 100.50
145.00 101.00
145.50 101.50
146.00 101.50
146.50 102.00
147.00 102.50
147.50 102.50
148.00 103.00
148.50 103.50
148.50 104.00
149.00 104.50
149.50 105.00
150.00 105.50
150.50 106.00
150.50 106.50
151.00 107.00
151.50 107.50
151.50 108.00
152.00 108.50
152.00 109.00
152.50 109.50
153.00 110.00
153.00 110.50
153.00 111.00
153.50 111.50
153.50 112.00
154.00 112.50
154.00 113.00
154.00 113.50
154.50 114.00
154.50 114.50
154.50 115.00
154.50 115.50
155.00 116.00
155.00 116.50
155.00 117.00
155.00 117.50
155.50 118.00
155.50 118.50
155.50 119.00
155.50 119.50
155.50 120.00
155.50 120.50
155.50 121.00
156.00 121.50
156.00 122.00
156.00 122.50
156.00 123.00
156.00 123.50
156.00 124.00
156.00 124.50
156.00 125.00
156.00 125.50
156.00 126.00
156.00 126.50
156.00 127.00
156.00 127.50
155.50 128.00
155.50 128.50
155.50 129.00
155.50 129.50
155.00 130.00
155.00 130.50
155.00 131.00
154.50 131.50
154.00 132.00
154.00 132.50
153.50 133.00
153.00 133.50
153.00 134.00
152.50 134.50
152.00 135.00
151.50 135.50
151.00 135.50
150.50 136.00
150.00 136.50
149.50 137.00
149.00 137.50
148.50 137.50
148.00 138.00
147.50 138.50
147.00 139.00
146.50 139.00
146.00 139.50
145.50 140.00
145.00 140.50
144.50 140.50
144.00 141.00
143.50 141.50
143.00 141.50
142.50 142.00
142.00 142.00
141.50 142.50
141.00 142.50
140.50 143.00
140.00 143.50
139.50 143.50
139.00 143.50
138.50 144.00
138.00 144.00
137.50 144.00
137.00 144.50
136.50 144.50
136.00 144.50
135.50 144.50
135.00 144.50
134.50 144.50
134.00 145.00
133.50 145.00
133.00 145.00
132.50 145.00
132.00 145.00
131.50 145.00
131.00 144.50
130.50 144.50
130.00 144.50
129.50 144.50
129.00 144.50
128.50 144.50
128.00 144.50
127.50 144.00
127.00 144.00
126.50 144.00
126.00 144.00
125.50 143.50
125.00 143.50
124.50 143.50
124.00 143.00
123.50 142.50
123.00 142.50
122.50 142.50
122.00 142.00
121.50 142.00
121.00 141.50
120.50 141.50
120.00 141.00
119.50 140.50
119.00 140.50
118.50 140.00
118.00 139.50
117.50 139.00
117.00 139.00
116.50 138.50
116.00 138.00
115.50 137.50
115.00 137.00
114.50 136.50
114.00 136.00
113.50 135.50
113.00 135.00
112.50 134.50
112.50 134.00
112.00 133.50
111.50 133.00
111.00 132.50
110.50 132.00
110.50 131.50
110.00 131.00
110.00 130.50
109.50 130.00
109.50 129.50
109.00 129.00
109.00 128.50
108.50 128.00
108.00 127.50
108.00 127.00
108.00 126.50
107.50 126.00
107.50 125.50
107.50 125.00
107.00 124.50
107.00 124.00
106.50 123.50
106.50 123.00
106.50 122.50
106.50 122.00
106.50 121.50
106.00 121.00
106.00 120.50
106.00 120.00
106.00 119.50
106.00 119.00
106.00 118.50
106.00 118.00
106.00 117.50
106.00 117.00
106.00 116.50
106.00 116.00
106.00 115.50
106.00 115.00
106.00 114.50
106.00 114.00
106.50 113.50
106.50 113.00
106.50 112.50
106.50 112.00
107.00 111.50
107.00 111.00
107.00 110.50
107.50 110.00
107.50 109.50
107.50 109.00
108.00 108.50
108.50 108.00
109.00 107.50
109.00 107.00
109.00 106.50
109.50 106.00
110.00 105.50
110.00 105.00
110.50 104.50
110.50 104.00
111.00 103.50
111.50 103.00
112.00 102.50
112.50 102.00
113.00 101.50
113.50 101.00
114.00 100.50
114.50 100.50
115.00 100.00
115.50 100.00
116.00 99.50
116.50 99.00
117.00 99.00
117.50 98.50
118.00 98.50
118.50 98.00
119.00 98.00
119.50 98.00
120.00 97.50
120.50 97.50
121.00 97.50
121.50 97.00
122.00 97.00
122.50 97.00
123.00 97.00
123.50 96.50
124.00 96.50
124.50 96.50
125.00 96.00
125.50 96.00
126.00 96.00
