120.00 99.00
120.50 98.50
121.00 98.50
121.50 98.50
122.00 98.50
122.50 98.00
123.00 98.00
123.50 98.00
124.00 97.50
124.50 97.50
125.00 97.50
125.50 97.00
126.00 97.00
126.50 97.00
127.00 97.00
127.50 97.00
128.00 97.00
128.50 97.00
129.00 97.00
129.50 97.00
130.00 97.50
130.50 97.50
131.00 97.50
131.50 98.00
132.00 98.00
132.50 98.00
133.00 98.50
133.50 98.50
134.00 99.00
134.50 99.00
135.00 99.00
135.50 99.50
136.00 99.50
136.50 100.00
137.00 100.50
137.50 101.00
138.00 101.00
138.50 101.50
139.00 102.00
139.50 102.00
140.00 102.50
140.50 103.00
141.00 103.50
141.50 104.00
142.00 104.50
142.50 105.00
143.00 105.50
143.50 106.00
144.00 106.50
144.50 107.00
144.50 107.50
145.00 108.00
145.50 108.50
145.50 109.00
146.00 109.50
146.00 110.00
146.50 110.50
147.00 111.00
147.00 111.50
147.50 112.00
148.00 112.50
148.00 113.00
148.50 113.50
148.50 114.00
148.50 114.50
149.00 115.00
149.50 115.50
149.50 116.00
149.50 116.50
150.00 117.00
150.00 117.50
150.50 118.00
150.50 118.50
151.00 119.00
151.00 119.50
151.00 120.00
151.50 120.50
151.50 121.00
152.00 121.50
152.00 122.00
152.00 122.50
152.00 123.00
152.00 123.50
152.50 124.00
152.50 124.50
152.50 125.00
152.50 125.50
152.50 126.00
152.50 126.50
152.50 127.00
152.50 127.50
152.50 128.00
152.50 128.50
152.50 129.00
152.00 129.50
152.00 130.00
152.00 130.50
152.00 131.00
152.00 131.50
151.50 132.00
151.50 132.50
151.50 133.00
151.00 133.50
151.00 134.00
150.50 134.50
150.50 135.00
150.50 135.50
150.00 136.00
150.00 136.50
149.50 137.00
149.00 137.50
149.00 138.00
148.50 138.50
148.00 139.00
147.50 139.50
147.00 140.00
146.50 140.50
146.00 141.00
145.50 141.50
145.00 142.00
144.50 142.00
144.00 142.00
143.50 142.50
143.00 143.00
142.50 143.00
142.00 143.50
141.50 143.50
141.00 144.00
140.50 144.00
140.00 144.00
139.50 144.50
139.00 144.50
138.50 144.50
138.00 144.50
137.50 145.00
137.00 145.00
136.50 145.00
136.00 145.00
135.50 145.00
135.00 145.00
134.50 145.00
134.00 145.00
133.50 145.00
133.00 145.00
132.50 145.00
132.00 145.00
131.50 145.00
131.00 145.00
130.50 145.00
130.00 145.00
129.50 145.00
129.00 145.00
128.50 145.00
128.00 144.50
127.50 144.50
127.00 144.50
126.50 144.50
126.00 144.00
125.50 144.00
125.00 144.00
124.50 143.50
124.00 143.50
123.50 143.50
123.00 143.00
122.50 143.00
122.00 142.50
121.50 142.50
121.00 142.00
120.50 142.00
120.00 141.50
119.50 141.00
119.00 141.00
118.50 140.50
118.00 140.00
117.50 139.50
117.00 139.00
116.50 138.50
116.00 138.00
115.50 137.50
115.00 137.00
114.50 136.50
114.00 136.00
114.00 135.50
113.50 135.00
113.00 134.50
113.00 134.00
112.50 133.50
112.00 133.00
112.00 132.50
111.50 132.00
111.50 131.50
111.00 131.00
110.50 130.50
110.50 130.00
110.00 129.50
110.00 129.00
109.50 128.50
109.50 128.00
109.00 127.50
109.00 127.00
108.50 126.50
108.50 126.00
108.50 125.50
108.50 125.00
108.50 124.50
108.00 124.00
108.00 123.50
108.00 123.00
108.00 122.50
108.00 122.00
108.00 121.50
107.50 121.00
107.50 120.50
107.50 120.00
107.50 119.50
107.50 119.00
107.50 118.50
107.50 118.00
107.50 117.50
107.50 117.00
107.50 116.50
108.00 116.00
108.00 115.50
108.00 115.00
108.00 114.50
108.00 114.00
108.00 113.50
108.50 113.00
108.50 112.50
108.50 112.00
109.00 111.50
109.00 111.00
109.00 110.50
109.00 110.00
109.50 109.50
109.50 109.00
110.00 108.50
110.00 108.00
110.00 107.50
110.50 107.00
110.50 106.50
110.50 106.00
111.00 105.50
111.00 105.00
111.00 104.50
111.50 104.00
111.50 103.50
112.00 103.00
112.00 102.50
112.50 102.00
113.00 101.50
113.50 101.00
114.00 100.50
114.50 100.50
115.00 100.00
115.50 100.00
116.00 100.00
116.50 99.50
117.00 99.50
117.50 99.50
118.00 99.50
118.50 99.00
119.00 99.00
119.50 99.00
