110.00 115.50
110.50 115.00
110.50 114.50
110.50 114.00
111.00 113.50
111.00 113.00
111.00 112.50
111.00 112.00
111.50 111.50
111.50 111.00
111.50 110.50
112.00 110.00
112.00 109.50
112.50 109.00
112.50 108.50
113.00 108.00
113.00 107.50
113.00 107.00
113.50 106.50
113.50 106.00
114.00 105.50
114.50 105.00
115.00 104.50
115.00 104.00
115.50 103.50
116.00 103.00
116.50 102.50
117.00 102.00
117.50 101.50
118.00 101.00
118.50 100.50
119.00 100.00
119.50 100.00
120.00 99.50
120.50 99.00
121.00 99.00
121.50 98.50
122.00 98.00
122.50 98.00
123.00 97.50
123.50 97.50
124.00 97.00
124.50 97.00
125.00 97.00
125.50 97.00
126.00 96.50
126.50 96.50
127.00 96.50
127.50 96.00
128.00 96.00
128.50 96.00
129.00 96.00
129.50 96.00
130.00 96.00
130.50 96.00
131.00 96.00
131.50 96.00
132.00 96.00
132.50 96.00
133.00 96.00
133.50 96.00
134.00 96.00
134.50 96.00
135.00 96.50
135.50 96.50
136.00 96.50
136.50 96.50
137.00 96.50
137.50 96.50
138.00 97.00
138.50 97.00
139.00 97.00
139.50 97.00
140.00 97.50
140.50 97.50
141.00 97.50
141.50 98.00
142.00 98.00
142.50 98.50
143.00 98.50
143.50 98.50
144.00 99.00
144.50 99.50
145.00 99.50
145.50 100.00
146.00 100.00
146.50 100.50
147.00 101.00
147.50 101.50
148.00 102.00
148.50 102.50
149.00 103.00
149.50 103.50
150.00 104.00
150.00 104.50
150.50 105.00
151.00 105.50
151.50 106.00
151.50 106.50
152.00 107.00
152.50 107.50
152.50 108.00
153.00 108.50
153.50 109.00
153.50 109.50
154.00 110.00
154.00 110.50
154.50 111.00
155.00 111.50
155.00 112.00
155.50 112.50
156.00 113.00
156.00 113.50
156.50 114.00
156.50 114.50
157.00 115.00
157.00 115.50
157.50 116.00
157.50 116.50
158.00 117.00
158.00 117.50
158.00 118.00
158.50 118.50
158.50 119.00
158.50 119.50
158.50 120.00
159.00 120.50
159.00 121.00
159.00 121.50
159.00 122.00
159.00 122.50
159.00 123.00
159.50 123.50
159.50 124.00
159.50 124.50
159.50 125.00
159.50 125.50
159.50 126.00
159.50 126.50
159.50 127.00
159.00 127.50
159.00 128.00
159.00 128.50
159.00 129.00
159.00 129.50
159.00 130.00
159.00 130.50
158.50 131.00
158.50 131.50
158.50 132.00
158.50 132.50
158.00 133.00
158.00 133.50
158.00 134.00
158.00 134.50
157.50 135.00
157.50 135.50
157.00 136.00
157.00 136.50
156.50 137.00
156.50 137.50
156.50 138.00
156.00 138.50
155.50 139.00
155.50 139.50
155.50 140.00
155.00 140.50
154.50 141.00
154.50 141.50
154.00 142.00
153.50 142.50
153.00 143.00
153.00 143.50
153.00 144.00
152.50 144.50
152.00 145.00
151.50 145.50
151.00 146.00
150.50 146.50
150.00 147.00
149.50 147.50
149.00 148.00
148.50 148.50
148.00 149.00
147.50 149.50
147.00 149.50
146.50 150.00
146.00 150.50
145.50 151.00
145.00 151.00
144.50 151.50
144.00 151.50
143.50 152.00
143.00 152.00
142.50 152.50
142.00 153.00
141.50 153.00
141.00 153.00
140.50 153.50
140.00 153.50
139.50 154.00
139.00 154.00
138.50 154.00
138.00 154.50
137.50 154.50
137.00 154.50
136.50 155.00
136.00 155.00
135.50 155.00
135.00 155.00
134.50 155.50
134.00 155.50
133.50 155.50
133.00 155.50
132.50 155.50
132.00 155.50
131.50 155.50
131.00 156.00
130.50 156.00
130.00 156.00
129.50 156.00
129.00 155.50
128.50 155.50
128.00 155.50
127.50 155.50
127.00 155.50
126.50 155.50
126.00 155.00
125.50 155.00
125.00 155.00
124.50 154.50
124.00 154.50
123.50 154.00
123.00 153.50
122.50 153.50
122.00 153.00
121.50 152.50
121.00 152.00
120.50 152.00
120.00 151.50
119.50 151.00
119.00 150.50
118.50 150.00
118.00 149.50
117.50 149.00
117.00 148.50
116.50 148.00
116.00 147.50
115.50 147.00
115.50 146.50
115.00 146.00
114.50 145.50
114.00 145.00
113.50 144.50
113.00 144.00
113.00 143.50
112.50 143.00
112.00 142.50
111.50 142.00
111.50 141.50
111.00 141.00
110.50 140.50
110.00 140.00
110.00 139.50
109.50 139.00
109.50 138.50
109.00 138.00
109.00 137.50
109.00 137.00
108.50 136.50
108.50 136.00
108.00 135.50
108.00 135.00
108.00 134.50
107.50 134.00
107.50 133.50
107.50 133.00
107.50 132.50
107.50 132.00
107.00 131.50
107.00 131.00
107.00 130.50
107.00 130.00
107.00 129.50
107.00 129.00
107.00 128.50
107.00 128.00
107.00 127.50
107.00 127.00
107.00 126.50
107.00 126.00
107.00 125.50
107.00 125.00
107.50 124.50
107.50 124.00
107.50 123.50
107.50 123.00
107.50 122.50
108.00 122.00
108.00 121.50
108.00 121.00
108.50 120.50
108.50 120.00
108.50 119.50
109.00 119.00
109.00 118.50
109.50 118.00
109.50 117.50
109.50 117.00
110.00 116.50
110.00 116.00
