135.00 110.50
135.50 110.50
136.00 110.50
136.50 110.50
137.00 110.50
137.50 110.50
138.00 110.50
138.50 110.50
139.00 110.50
139.50 110.50
140.00 110.50
140.50 110.50
141.00 110.50
141.50 110.50
142.00 110.50
142.50 110.50
143.00 110.50
143.50 110.50
144.00 110.50
144.50 111.00
145.00 111.00
145.50 111.00
146.00 111.50
146.50 112.00
147.00 112.00
147.50 112.50
148.00 113.00
148.50 113.50
149.00 114.00
149.00 114.50
149.50 115.00
150.00 115.50
150.50 116.00
150.50 116.50
151.00 117.00
151.00 117.50
151.50 118.00
151.50 118.50
151.50 119.00
151.50 119.50
152.00 120.00
152.00 120.50
152.00 121.00
152.00 121.50
152.00 122.00
152.00 122.50
152.00 123.00
152.50 123.50
152.00 124.00
152.00 124.50
152.00 125.00
152.00 125.50
152.00 126.00
152.00 126.50
151.50 127.00
151.50 127.50
151.50 128.00
151.00 128.50
151.00 129.00
151.00 129.50
150.50 130.00
150.50 130.50
150.00 131.00
149.50 131.50
149.00 132.00
148.50 132.50
148.00 133.00
147.50 133.50
147.00 134.00
146.50 134.00
146.00 134.00
145.50 134.50
145.00 134.50
144.50 134.50
144.00 135.00
143.50 135.00
143.00 135.00
142.50 135.00
142.00 135.00
141.50 135.00
141.00 135.00
140.50 135.00
140.00 135.00
139.50 135.00
139.00 135.00
138.50 135.00
138.00 135.00
137.50 135.00
137.00 135.00
136.50 134.50
136.00 134.50
135.50 134.50
135.00 134.50
134.50 134.00
134.00 134.00
133.50 133.50
133.00 133.50
132.50 133.00
132.00 132.50
131.50 132.00
131.00 131.50
131.00 131.00
130.50 130.50
130.50 130.00
130.00 129.50
130.00 129.00
129.50 128.50
129.50 128.00
129.00 127.50
129.00 127.00
129.00 126.50
128.50 126.00
128.50 125.50
128.50 125.00
128.00 124.50
128.00 124.00
128.00 123.50
128.00 123.00
128.00 122.50
127.50 122.00
127.50 121.50
127.50 121.00
127.50 120.50
127.50 120.00
127.50 119.50
127.50 119.00
127.00 118.50
127.00 118.00
127.50 117.50
127.50 117.00
127.50 116.50
128.00 116.00
128.00 115.50
128.50 115.00
128.50 114.50
129.00 114.00
129.50 113.50
130.00 113.00
130.50 112.50
131.00 112.50
131.50 112.00
132.00 112.00
132.50 111.50
133.00 111.50
133.50 111.50
134.00 111.00
134.50 111.00
