128.00 95.00
128.50 95.00
129.00 95.00
129.50 95.00
130.00 95.00
130.50 95.00
131.00 95.00
131.50 95.00
132.00 95.00
132.50 95.00
133.00 95.00
133.50 95.00
134.00 95.00
134.50 95.00
135.00 95.50
135.50 95.50
136.00 95.50
136.50 95.50
137.00 95.50
137.50 96.00
138.00 96.00
138.50 96.00
139.00 96.50
139.50 96.50
140.00 97.00
140.50 97.00
141.00 97.00
141.50 97.50
142.00 97.50
142.50 98.00
143.00 98.00
143.50 98.50
144.00 99.00
144.50 99.00
145.00 99.50
145.50 100.00
146.00 100.00
146.50 100.50
147.00 101.00
147.50 101.50
148.00 102.00
148.50 102.00
149.00 102.50
149.50 103.00
150.00 103.50
150.50 104.00
151.00 104.50
151.50 105.00
152.00 105.50
152.50 106.00
153.00 106.50
153.00 107.00
153.50 107.50
154.00 108.00
154.50 108.50
154.50 109.00
155.00 109.50
155.50 110.00
155.50 110.50
156.00 111.00
156.00 111.50
156.50 112.00
156.50 112.50
157.00 113.00
157.00 113.50
157.50 114.00
157.50 114.50
157.50 115.00
158.00 115.50
158.00 116.00
158.00 116.50
158.00 117.00
158.50 117.50
158.50 118.00
158.50 118.50
158.50 119.00
158.50 119.50
158.50 120.00
158.50 120.50
158.50 121.00
158.50 121.50
158.50 122.00
158.50 122.50
158.50 123.00
158.50 123.50
158.50 124.00
158.50 124.50
158.50 125.00
158.00 125.50
158.00 126.00
158.00 126.50
158.00 127.00
158.00 127.50
158.00 128.00
157.50 128.50
157.50 129.00
157.50 129.50
157.50 130.00
157.00 130.50
157.00 131.00
157.00 131.50
156.50 132.00
156.50 132.50
156.50 133.00
156.00 133.50
156.00 134.00
155.50 134.50
155.50 135.00
155.50 135.50
155.00 136.00
154.50 136.50
154.50 137.00
154.50 137.50
154.00 138.00
153.50 138.50
153.50 139.00
153.00 139.50
152.50 140.00
152.50 140.50
152.00 141.00
151.50 141.50
151.00 142.00
151.00 142.50
150.50 143.00
150.00 143.00
149.50 143.50
149.00 144.00
148.50 144.50
148.00 144.50
147.50 145.00
147.00 145.50
146.50 146.00
146.00 146.00
145.50 146.00
145.00 146.50
144.50 146.50
144.00 147.00
143.50 147.00
143.00 147.00
142.50 147.50
142.00 147.50
141.50 148.00
141.00 148.00
140.50 148.00
140.00 148.50
139.50 148.50
139.00 148.50
138.50 148.50
138.00 148.50
137.50 149.00
137.00 149.00
136.50 149.00
136.00 149.00
135.50 149.00
135.00 149.50
134.50 149.50
134.00 149.50
133.50 149.50
133.00 149.50
132.50 149.50
132.00 149.50
131.50 149.50
131.00 149.50
130.50 149.50
130.00 149.50
129.50 149.50
129.00 149.50
128.50 149.50
128.00 149.50
127.50 149.50
127.00 149.50
126.50 149.50
126.00 149.50
125.50 149.00
125.00 149.00
124.50 149.00
124.00 149.00
123.50 148.50
123.00 148.50
122.50 148.50
122.00 148.00
121.50 148.00
121.00 147.50
120.50 147.50
120.00 147.00
119.50 147.00
119.00 146.50
118.50 146.00
118.00 146.00
117.50 145.50
117.00 145.00
116.50 144.50
116.00 144.00
115.50 143.50
115.00 143.00
114.50 142.50
114.00 142.00
113.50 141.50
113.00 141.00
112.50 140.50
112.00 140.00
112.00 139.50
111.50 139.00
111.00 138.50
111.00 138.00
110.50 137.50
110.00 137.00
109.50 136.50
109.50 136.00
109.00 135.50
108.50 135.00
108.50 134.50
108.00 134.00
108.00 133.50
107.50 133.00
107.00 132.50
107.00 132.00
106.50 131.50
106.50 131.00
106.00 130.50
106.00 130.00
106.00 129.50
105.50 129.00
105.50 128.50
105.00 128.00
105.00 127.50
105.00 127.00
105.00 126.50
104.50 126.00
104.50 125.50
104.50 125.00
104.50 124.50
104.50 124.00
104.50 123.50
104.50 123.00
104.50 122.50
104.50 122.00
104.50 121.50
104.50 121.00
104.50 120.50
104.50 120.00
104.50 119.50
104.50 119.00
104.50 118.50
104.50 118.00
104.50 117.50
104.50 117.00
105.00 116.50
105.00 116.00
105.00 115.50
105.50 115.00
105.50 114.50
105.50 114.00
105.50 113.50
106.00 113.00
106.00 112.50
106.00 112.00
106.50 111.50
106.50 111.00
107.00 110.50
107.00 110.00
107.50 109.50
107.50 109.00
107.50 108.50
108.00 108.00
108.50 107.50
108.50 107.00
109.00 106.50
109.50 106.00
109.50 105.50
110.00 105.00
110.00 104.50
110.50 104.00
111.00 103.50
111.50 103.00
112.00 102.50
112.50 102.00
113.00 101.50
113.00 101.00
113.50 100.50
114.00 100.50
114.50 100.00
115.00 99.50
115.50 99.00
116.00 98.50
116.50 98.00
117.00 98.00
117.50 97.50
118.00 97.00
118.50 97.00
119.00 96.50
119.50 96.50
120.00 96.50
120.50 96.00
121.00 96.00
121.50 96.00
122.00 96.00
122.50 95.50
123.00 95.50
123.50 95.50
124.00 95.50
124.50 95.50
125.00 95.00
125.50 95.00
126.00 95.00
126.50 95.00
127.00 95.00
127.50 95.00
