122.00 100.50
122.50 100.50
123.00 100.50
123.50 100.00
124.00 100.00
124.50 100.00
125.00 99.50
125.50 99.50
126.00 99.50
126.50 99.00
127.00 99.00
127.50 99.00
128.00 99.00
128.50 98.50
129.00 98.50
129.50 98.50
130.00 98.50
130.50 98.50
131.00 98.50
131.50 98.50
132.00 98.50
132.50 98.50
133.00 98.50
133.50 98.50
134.00 99.00
134.50 99.00
135.00 99.00
135.50 99.00
136.00 99.00
136.50 99.50
137.00 99.50
137.50 99.50
138.00 100.00
138.50 100.00
139.00 100.00
139.50 100.50
140.00 100.50
140.50 101.00
141.00 101.50
141.50 101.50
142.00 101.50
142.50 102.00
143.00 102.50
143.50 102.50
144.00 103.00
144.50 103.50
145.00 103.50
145.50 104.00
146.00 104.50
146.50 105.00
147.00 105.50
147.50 106.00
148.00 106.00
148.50 106.50
148.50 107.00
149.00 107.50
149.50 108.00
150.00 108.50
150.50 109.00
151.00 109.50
151.00 110.00
151.50 110.50
152.00 111.00
152.50 111.50
152.50 112.00
153.00 112.50
153.00 113.00
153.50 113.50
153.50 114.00
154.00 114.50
154.00 115.00
154.50 115.50
154.50 116.00
154.50 116.50
155.00 117.00
155.00 117.50
155.00 118.00
155.00 118.50
155.50 119.00
155.50 119.50
155.50 120.00
155.50 120.50
155.50 121.00
155.50 121.50
155.50 122.00
155.50 122.50
155.50 123.00
155.50 123.50
155.50 124.00
155.50 124.50
155.50 125.00
155.50 125.50
155.50 126.00
155.50 126.50
155.50 127.00
155.50 127.50
155.50 128.00
155.00 128.50
155.00 129.00
155.00 129.50
155.00 130.00
155.00 130.50
154.50 131.00
154.50 131.50
154.50 132.00
154.50 132.50
154.00 133.00
154.00 133.50
153.50 134.00
153.00 134.50
153.00 135.00
152.50 135.50
152.00 136.00
151.50 136.50
151.00 137.00
150.50 137.00
150.00 137.50
149.50 138.00
149.00 138.00
148.50 138.50
148.00 138.50
147.50 139.00
147.00 139.00
146.50 139.00
146.00 139.50
145.50 139.50
145.00 139.50
144.50 140.00
144.00 140.00
143.50 140.00
143.00 140.00
142.50 140.00
142.00 140.50
141.50 140.50
141.00 140.50
140.50 140.50
140.00 140.50
139.50 141.00
139.00 141.00
138.50 141.00
138.00 141.00
137.50 141.00
137.00 141.00
136.50 141.00
136.00 141.00
135.50 141.00
135.00 141.00
134.50 141.00
134.00 141.00
133.50 141.00
133.00 141.00
132.50 141.00
132.00 141.00
131.50 141.00
131.00 141.00
130.50 141.00
130.00 141.00
129.50 140.50
129.00 140.50
128.50 140.50
128.00 140.50
127.50 140.50
127.00 140.50
126.50 140.00
126.00 140.00
125.50 140.00
125.00 139.50
124.50 139.50
124.00 139.50
123.50 139.50
123.00 139.00
122.50 139.00
122.00 139.00
121.50 138.50
121.00 138.00
120.50 138.00
120.00 137.50
119.50 137.50
119.00 137.00
118.50 137.00
118.00 136.50
117.50 136.50
117.00 136.00
116.50 135.50
116.00 135.00
115.50 134.50
115.00 134.00
114.50 133.50
114.00 133.00
113.50 132.50
113.00 132.00
112.50 131.50
112.50 131.00
112.00 130.50
111.50 130.00
111.50 129.50
111.00 129.00
110.50 128.50
110.50 128.00
110.50 127.50
110.00 127.00
110.00 126.50
109.50 126.00
109.50 125.50
109.50 125.00
109.50 124.50
109.00 124.00
109.00 123.50
109.00 123.00
109.00 122.50
108.50 122.00
108.50 121.50
108.50 121.00
108.50 120.50
108.50 120.00
108.50 119.50
108.50 119.00
108.50 118.50
108.50 118.00
108.50 117.50
108.50 117.00
108.50 116.50
108.50 116.00
108.50 115.50
108.50 115.00
108.50 114.50
108.50 114.00
109.00 113.50
109.00 113.00
109.00 112.50
109.00 112.00
109.50 111.50
109.50 111.00
109.50 110.50
110.00 110.00
110.00 109.50
110.50 109.00
111.00 108.50
111.00 108.00
111.50 107.50
111.50 107.00
112.00 106.50
112.50 106.00
113.00 105.50
113.50 105.00
114.00 104.50
114.50 104.00
115.00 104.00
115.50 103.50
116.00 103.00
116.50 103.00
117.00 102.50
117.50 102.50
118.00 102.50
118.50 102.00
119.00 102.00
119.50 101.50
120.00 101.50
120.50 101.50
121.00 101.00
121.50 101.00
