137.50 147.50
137.00 148.00
136.50 148.00
136.00 148.00
135.50 148.50
135.00 148.50
134.50 148.50
134.00 148.50
133.50 149.00
133.00 149.00
132.50 149.00
132.00 149.00
131.50 149.50
131.00 149.50
130.50 149.50
130.00 149.50
129.50 149.50
129.00 149.50
128.50 149.50
128.00 149.50
127.50 149.50
127.00 149.00
126.50 149.00
126.00 149.00
125.50 149.00
125.00 149.00
124.50 148.50
124.00 148.50
123.50 148.50
123.00 148.00
122.50 147.50
122.00 147.50
121.50 147.00
121.00 147.00
120.50 146.50
120.00 146.50
119.50 146.00
119.00 145.50
119.00 145.00
118.50 144.50
118.00 144.50
117.50 144.00
117.00 143.50
116.50 143.00
116.00 142.50
115.50 142.00
115.00 141.50
114.50 141.00
114.00 140.50
113.50 140.00
113.00 139.50
112.50 139.00
112.50 138.50
112.00 138.00
111.50 137.50
111.00 137.00
111.00 136.50
110.50 136.00
110.00 135.50
110.00 135.00
109.50 134.50
109.50 134.00
109.00 133.50
109.00 133.00
108.50 132.50
108.50 132.00
108.50 131.50
108.00 131.00
108.00 130.50
107.50 130.00
107.50 129.50
107.50 129.00
107.50 128.50
107.50 128.00
107.00 127.50
107.00 127.00
107.00 126.50
107.00 126.00
107.00 125.50
107.00 125.00
107.00 124.50
107.00 124.00
107.00 123.50
107.00 123.00
107.00 122.50
107.00 122.00
107.00 121.50
107.00 121.00
107.00 120.50
107.00 120.00
107.00 119.50
107.00 119.00
107.00 118.50
107.00 118.00
107.00 117.50
107.00 117.00
107.50 116.50
107.50 116.00
107.50 115.50
107.50 115.00
107.50 114.50
108.00 114.00
108.00 113.50
108.00 113.00
108.50 112.50
108.50 112.00
109.00 111.50
109.00 111.00
109.00 110.50
109.50 110.00
110.00 109.50
110.00 109.00
110.50 108.50
111.00 108.00
111.50 107.50
111.50 107.00
112.00 106.50
112.50 106.00
113.00 105.50
113.50 105.50
114.00 105.00
114.50 104.50
115.00 104.00
115.50 103.50
116.00 103.50
116.50 103.00
117.00 102.50
117.50 102.50
118.00 102.00
118.50 101.50
119.00 101.50
119.50 101.50
120.00 101.00
120.50 101.00
121.00 100.50
121.50 100.00
122.00 100.00
122.50 100.00
123.00 99.50
123.50 99.50
124.00 99.50
124.50 99.00
125.00 99.00
125.50 99.00
126.00 98.50
126.50 98.50
127.00 98.50
127.50 98.50
128.00 98.00
128.50 98.00
129.00 98.00
129.50 98.00
130.00 98.00
130.50 98.00
131.00 98.00
131.50 98.00
132.00 98.00
132.50 98.00
133.00 98.00
133.50 98.50
134.00 98.50
134.50 98.50
135.00 99.00
135.50 99.00
136.00 99.00
136.50 99.50
137.00 99.50
137.50 100.00
138.00 100.00
138.50 100.50
139.00 100.50
139.50 100.50
140.00 101.00
140.50 101.50
141.00 102.00
141.50 102.00
142.00 102.00
142.50 102.50
143.00 103.00
143.50 103.50
144.00 104.00
144.50 104.00
145.00 104.50
145.50 105.00
146.00 105.50
146.50 106.00
147.00 106.50
147.00 107.00
147.50 107.50
148.00 108.00
148.50 108.50
148.50 109.00
149.00 109.50
149.50 110.00
149.50 110.50
150.00 111.00
150.50 111.50
150.50 112.00
151.00 112.50
151.00 113.00
151.50 113.50
151.50 114.00
152.00 114.50
152.00 115.00
152.00 115.50
152.50 116.00
152.50 116.50
152.50 117.00
152.50 117.50
153.00 118.00
153.00 118.50
153.00 119.00
153.50 119.50
153.50 120.00
153.50 120.50
153.50 121.00
153.50 121.50
153.50 122.00
153.50 122.50
153.50 123.00
153.00 123.50
153.00 124.00
153.00 124.50
153.00 125.00
153.00 125.50
153.00 126.00
153.00 126.50
152.50 127.00
152.50 127.50
152.50 128.00
152.50 128.50
152.50 129.00
152.00 129.50
152.00 130.00
152.00 130.50
152.00 131.00
151.50 131.50
151.50 132.00
151.50 132.50
151.00 133.00
151.00 133.50
151.00 134.00
150.50 134.50
150.00 135.00
150.00 135.50
150.00 136.00
149.50 136.50
149.50 137.00
149.00 137.50
148.50 138.00
148.50 138.50
148.00 139.00
147.50 139.50
147.00 140.00
147.00 140.50
146.50 141.00
146.00 141.50
145.50 142.00
145.00 142.50
144.50 143.00
144.00 143.00
143.50 143.50
143.00 144.00
142.50 144.50
142.00 145.00
141.50 145.00
141.00 145.00
140.50 145.50
140.00 146.00
139.50 146.50
139.00 146.50
138.50 146.50
138.00 147.00
137.50 147.50
