147.50 110.50
147.50 111.00
148.00 111.50
148.00 112.00
148.50 112.50
148.50 113.00
148.50 113.50
149.00 114.00
149.00 114.50
149.00 115.00
149.50 115.50
149.50 116.00
149.50 116.50
150.00 117.00
150.00 117.50
150.00 118.00
150.00 118.50
150.50 119.00
150.50 119.50
150.50 120.00
150.50 120.50
150.50 121.00
150.50 121.50
151.00 122.00
151.00 122.50
151.00 123.00
151.00 123.50
151.00 124.00
151.00 124.50
151.00 125.00
151.00 125.50
151.00 126.00
151.00 126.50
151.00 127.00
150.50 127.50
150.50 128.00
150.50 128.50
150.50 129.00
150.00 129.50
150.00 130.00
150.00 130.50
149.50 131.00
149.50 131.50
149.50 132.00
149.00 132.50
149.00 133.00
149.00 133.50
148.50 134.00
148.50 134.50
148.50 135.00
148.00 135.50
147.50 136.00
147.50 136.50
147.00 137.00
147.00 137.50
146.50 138.00
146.00 138.50
146.00 139.00
145.50 139.50
145.00 140.00
145.00 140.50
144.50 141.00
144.00 141.50
143.50 142.00
143.50 142.50
143.00 143.00
142.50 143.50
142.00 144.00
141.50 144.50
141.00 145.00
140.50 145.50
140.00 146.00
139.50 146.50
139.00 147.00
138.50 147.00
138.00 147.50
137.50 148.00
137.00 148.50
136.50 148.50
136.00 148.50
135.50 149.00
135.00 149.00
134.50 149.50
134.00 149.50
133.50 149.50
133.00 149.50
132.50 150.00
132.00 150.00
131.50 150.00
131.00 150.00
130.50 150.00
130.00 150.00
129.50 150.00
129.00 150.00
128.50 150.00
128.00 149.50
127.50 149.50
127.00 149.50
126.50 149.50
126.00 149.50
125.50 149.00
125.00 149.00
124.50 149.00
124.00 149.00
123.50 149.00
123.00 149.00
122.50 149.00
122.00 148.50
121.50 148.50
121.00 148.50
120.50 148.00
120.00 147.50
119.50 147.50
119.00 147.00
118.50 146.50
118.00 146.00
117.50 145.50
117.00 145.00
116.50 144.50
116.00 144.00
115.50 143.50
115.00 143.00
114.50 142.50
114.00 142.00
113.50 141.50
113.50 141.00
113.00 140.50
113.00 140.00
112.50 139.50
112.50 139.00
112.00 138.50
111.50 138.00
111.00 137.50
111.00 137.00
110.50 136.50
110.50 136.00
110.00 135.50
110.00 135.00
109.50 134.50
109.50 134.00
109.50 133.50
109.00 133.00
109.00 132.50
108.50 132.00
108.50 131.50
108.00 131.00
108.00 130.50
108.00 130.00
107.50 129.50
107.50 129.00
107.50 128.50
107.00 128.00
107.00 127.50
107.00 127.00
107.00 126.50
107.00 126.00
107.00 125.50
107.00 125.00
107.00 124.50
107.00 124.00
107.00 123.50
107.00 123.00
107.00 122.50
107.00 122.00
107.00 121.50
107.00 121.00
107.00 120.50
107.00 120.00
107.00 119.50
107.50 119.00
107.50 118.50
108.00 118.00
108.00 117.50
108.00 117.00
108.50 116.50
109.00 116.00
109.00 115.50
109.50 115.00
110.00 114.50
110.00 114.00
110.50 113.50
111.00 113.00
111.50 112.50
112.00 112.00
112.00 111.50
112.50 111.00
113.00 110.50
113.00 110.00
113.50 109.50
114.00 109.00
114.00 108.50
114.50 108.00
115.00 107.50
115.00 107.00
115.50 106.50
116.00 106.00
116.50 105.50
117.00 105.00
117.50 105.00
118.00 104.50
118.50 104.50
119.00 104.00
119.50 104.00
120.00 104.00
120.50 103.50
121.00 103.50
121.50 103.50
122.00 103.50
122.50 103.00
123.00 103.00
123.50 103.00
124.00 103.00
124.50 103.00
125.00 103.00
125.50 102.50
126.00 102.50
126.50 102.50
127.00 102.50
127.50 102.00
128.00 102.00
128.50 102.00
129.00 102.00
129.50 102.00
130.00 102.00
130.50 102.00
131.00 102.00
131.50 102.00
132.00 102.00
132.50 102.00
133.00 102.00
133.50 102.00
134.00 102.50
134.50 102.50
135.00 102.50
135.50 102.50
136.00 103.00
136.50 103.00
137.00 103.00
137.50 103.00
138.00 103.50
138.50 103.50
139.00 104.00
139.50 104.00
140.00 104.00
140.50 104.50
141.00 105.00
141.50 105.50
142.00 105.50
142.50 106.00
143.00 106.50
143.50 107.00
144.00 107.00
144.50 107.50
145.00 108.00
145.50 108.50
146.00 109.00
146.50 109.50
147.00 110.00
