147.50 129.50
147.50 130.00
147.50 130.50
147.00 131.00
147.00 131.50
147.00 132.00
147.00 132.50
147.00 133.00
146.50 133.50
146.50 134.00
146.50 134.50
146.00 135.00
146.00 135.50
145.50 136.00
145.50 136.50
145.50 137.00
145.00 137.50
145.00 138.00
144.50 138.50
144.00 139.00
144.00 139.50
143.50 140.00
143.50 140.50
143.00 141.00
143.00 141.50
142.50 142.00
142.00 142.50
142.00 143.00
141.50 143.50
141.00 144.00
140.50 144.50
140.00 145.00
139.50 145.50
139.00 146.00
138.50 146.00
138.00 146.50
137.50 147.00
137.00 147.50
136.50 147.50
136.00 148.00
135.50 148.50
135.00 148.50
134.50 148.50
134.00 149.00
133.50 149.00
133.00 149.50
132.50 149.50
132.00 149.50
131.50 150.00
131.00 150.00
130.50 150.50
130.00 150.50
129.50 150.50
129.00 150.50
128.50 151.00
128.00 151.00
127.50 151.00
127.00 151.50
126.50 151.50
126.00 151.50
125.50 151.50
125.00 151.50
124.50 151.50
124.00 152.00
123.50 152.00
123.00 152.00
122.50 152.00
122.00 152.00
121.50 152.00
121.00 152.00
120.50 151.50
120.00 151.50
119.50 151.50
119.00 151.50
118.50 151.00
118.00 150.50
117.50 150.00
117.00 150.00
116.50 149.50
116.50 149.00
116.00 148.50
115.50 148.00
115.00 147.50
115.00 147.00
114.50 146.50
114.00 146.00
114.00 145.50
113.50 145.00
113.00 144.50
112.50 144.00
112.00 143.50
112.00 143.00
111.50 142.50
111.00 142.00
110.50 141.50
110.00 141.00
109.50 140.50
109.00 140.00
109.00 139.50
108.50 139.00
108.00 138.50
108.00 138.00
107.50 137.50
107.50 137.00
107.00 136.50
107.00 136.00
106.50 135.50
106.50 135.00
106.50 134.50
106.00 134.00
106.00 133.50
106.00 133.00
106.00 132.50
106.00 132.00
106.00 131.50
106.00 131.00
106.00 130.50
106.00 130.00
106.50 129.50
106.50 129.00
106.50 128.50
107.00 128.00
107.00 127.50
107.00 127.00
107.50 126.50
107.50 126.00
108.00 125.50
108.00 125.00
108.00 124.50
108.50 124.00
108.50 123.50
109.00 123.00
109.00 122.50
109.50 122.00
109.50 121.50
109.50 121.00
110.00 120.50
110.50 120.00
111.00 119.50
111.00 119.00
111.50 118.50
112.00 118.00
112.50 117.50
113.00 117.00
113.50 116.50
114.00 116.50
114.50 116.00
115.00 116.00
115.50 115.50
116.00 115.00
116.50 115.00
117.00 114.50
117.50 114.50
118.00 114.50
118.50 114.00
119.00 114.00
119.50 114.00
120.00 113.50
120.50 113.50
121.00 113.00
121.50 113.00
122.00 113.00
122.50 113.00
123.00 112.50
123.50 112.50
124.00 112.50
124.50 112.50
125.00 112.50
125.50 112.00
126.00 112.00
126.50 112.00
127.00 112.00
127.50 112.00
128.00 111.50
128.50 111.50
129.00 111.50
129.50 111.50
130.00 111.50
130.50 111.50
131.00 111.50
131.50 111.50
132.00 111.50
132.50 111.50
133.00 111.50
133.50 111.50
134.00 111.50
134.50 111.50
135.00 111.50
135.50 111.50
136.00 112.00
136.50 112.00
137.00 112.00
137.50 112.50
138.00 112.50
138.50 112.50
139.00 113.00
139.50 113.00
140.00 113.50
140.50 113.50
141.00 114.00
141.50 114.50
142.00 114.50
142.50 115.00
143.00 115.50
143.50 116.00
144.00 116.50
144.50 117.00
145.00 117.50
145.00 118.00
145.50 118.50
146.00 119.00
146.50 119.50
146.50 120.00
146.50 120.50
147.00 121.00
147.00 121.50
147.00 122.00
147.00 122.50
147.50 123.00
147.50 123.50
147.50 124.00
147.50 124.50
147.50 125.00
147.50 125.50
147.50 126.00
147.50 126.50
147.50 127.00
147.50 127.50
147.50 128.00
147.50 128.50
147.50 129.00
