138.00 108.50
138.50 108.50
139.00 109.00
139.50 109.50
140.00 109.50
140.50 110.00
141.00 110.50
141.50 111.00
142.00 111.00
142.50 111.50
143.00 112.00
143.50 112.50
144.00 113.00
144.50 113.50
145.00 114.00
145.50 114.00
146.00 114.50
146.50 115.00
147.00 115.50
147.50 116.00
148.00 116.50
148.00 117.00
148.50 117.50
149.00 118.00
149.00 118.50
149.50 119.00
149.50 119.50
149.50 120.00
150.00 120.50
150.00 121.00
150.00 121.50
150.50 122.00
150.50 122.50
150.50 123.00
150.50 123.50
150.50 124.00
150.50 124.50
150.50 125.00
150.50 125.50
150.50 126.00
150.50 126.50
150.00 127.00
150.00 127.50
150.00 128.00
149.50 128.50
149.50 129.00
149.00 129.50
149.00 130.00
148.50 130.50
148.50 131.00
148.00 131.50
147.50 132.00
147.00 132.50
146.50 133.00
146.00 133.50
145.50 134.00
145.00 134.50
144.50 134.50
144.00 135.00
143.50 135.50
143.00 135.50
142.50 136.00
142.00 136.50
141.50 136.50
141.00 137.00
140.50 137.00
140.00 137.00
139.50 137.00
139.00 137.50
138.50 137.50
138.00 137.50
137.50 137.50
137.00 137.50
136.50 137.50
136.00 137.50
135.50 137.50
135.00 137.50
134.50 137.50
134.00 137.00
133.50 137.00
133.00 137.00
132.50 137.00
132.00 137.00
131.50 136.50
131.00 136.50
130.50 136.50
130.00 136.00
129.50 136.00
129.00 136.00
128.50 135.50
128.00 135.50
127.50 135.50
127.00 135.00
126.50 135.00
126.00 135.00
125.50 134.50
125.00 134.50
124.50 134.00
124.00 134.00
123.50 133.50
123.00 133.50
122.50 133.00
122.00 132.50
121.50 132.00
121.00 131.50
121.00 131.00
120.50 130.50
120.00 130.00
120.00 129.50
119.50 129.00
119.50 128.50
119.00 128.00
119.00 127.50
119.00 127.00
118.50 126.50
118.50 126.00
118.50 125.50
118.50 125.00
118.00 124.50
118.00 124.00
118.00 123.50
118.00 123.00
118.00 122.50
118.00 122.00
118.00 121.50
117.50 121.00
117.50 120.50
117.50 120.00
117.50 119.50
117.50 119.00
117.50 118.50
117.50 118.00
117.50 117.50
118.00 117.00
118.00 116.50
118.00 116.00
118.00 115.50
118.50 115.00
118.50 114.50
118.50 114.00
119.00 113.50
119.50 113.00
120.00 112.50
120.50 112.00
121.00 111.50
121.50 111.00
122.00 110.50
122.50 110.00
123.00 110.00
123.50 109.50
124.00 109.50
124.50 109.00
125.00 109.00
125.50 108.50
126.00 108.00
126.50 108.00
127.00 107.50
127.50 107.50
128.00 107.50
128.50 107.00
129.00 107.00
129.50 106.50
130.00 106.50
130.50 106.50
131.00 106.50
131.50 106.50
132.00 106.50
132.50 106.50
133.00 106.50
133.50 106.50
134.00 106.50
134.50 107.00
135.00 107.00
135.50 107.00
136.00 107.50
136.50 107.50
137.00 107.50
137.50 108.00
