128.00 101.00
128.50 100.50
129.00 100.50
129.50 100.50
130.00 100.50
130.50 100.50
131.00 100.00
131.50 100.00
132.00 100.00
132.50 100.00
133.00 100.00
133.50 100.00
134.00 100.00
134.50 100.00
135.00 100.00
135.50 100.00
136.00 100.00
136.50 100.00
137.00 100.00
137.50 100.00
138.00 100.50
138.50 100.50
139.00 101.00
139.50 101.00
140.00 101.50
140.50 101.50
141.00 102.00
141.50 102.50
142.00 102.50
142.50 103.00
143.00 103.50
143.50 104.00
144.00 104.00
144.50 104.50
145.00 105.00
145.50 105.50
146.00 106.00
146.50 106.50
147.00 107.00
147.50 107.50
148.00 108.00
148.50 108.50
149.00 109.00
149.50 109.50
150.00 110.00
150.50 110.50
150.50 111.00
151.00 111.50
151.50 112.00
151.50 112.50
152.00 113.00
152.50 113.50
152.50 114.00
152.50 114.50
153.00 115.00
153.00 115.50
153.50 116.00
153.50 116.50
153.50 117.00
153.50 117.50
154.00 118.00
154.00 118.50
154.00 119.00
154.00 119.50
154.00 120.00
154.00 120.50
154.00 121.00
154.00 121.50
154.00 122.00
153.50 122.50
153.50 123.00
153.50 123.50
153.00 124.00
153.00 124.50
153.00 125.00
152.50 125.50
152.00 126.00
151.50 126.50
151.50 127.00
151.00 127.50
150.50 127.50
150.00 128.00
149.50 128.50
149.00 129.00
148.50 129.50
148.00 130.00
147.50 130.50
147.00 131.00
146.50 131.50
146.00 132.00
145.50 132.50
145.00 133.00
144.50 133.50
144.00 134.00
143.50 134.50
143.00 134.50
142.50 135.00
142.00 135.50
141.50 135.50
141.00 135.50
140.50 135.50
140.00 136.00
139.50 136.00
139.00 136.00
138.50 136.00
138.00 136.00
137.50 136.00
137.00 136.00
136.50 136.00
136.00 135.50
135.50 135.50
135.00 135.50
134.50 135.50
134.00 135.50
133.50 135.50
133.00 135.50
132.50 135.50
132.00 135.50
131.50 135.00
131.00 135.00
130.50 135.00
130.00 135.00
129.50 135.00
129.00 135.00
128.50 135.00
128.00 135.00
127.50 134.50
127.00 134.50
126.50 134.50
126.00 134.50
125.50 134.00
125.00 134.00
124.50 134.00
124.00 133.50
123.50 133.50
123.00 133.00
122.50 133.00
122.00 132.50
121.50 132.50
121.00 132.00
120.50 131.50
120.00 131.50
119.50 131.00
119.00 130.50
118.50 130.00
118.00 129.50
117.50 129.00
117.00 128.50
116.50 128.00
116.00 127.50
115.50 127.00
115.00 126.50
115.00 126.00
114.50 125.50
114.00 125.00
113.50 124.50
113.50 124.00
113.50 123.50
113.00 123.00
113.00 122.50
113.00 122.00
112.50 121.50
112.50 121.00
112.50 120.50
112.50 120.00
112.50 119.50
112.50 119.00
112.50 118.50
112.50 118.00
112.50 117.50
112.50 117.00
113.00 116.50
113.00 116.00
113.00 115.50
113.00 115.00
113.00 114.50
113.50 114.00
113.50 113.50
113.50 113.00
114.00 112.50
114.00 112.00
114.00 111.50
114.50 111.00
114.50 110.50
115.00 110.00
115.00 109.50
115.50 109.00
116.00 108.50
116.00 108.00
116.50 107.50
117.00 107.00
117.50 106.50
118.00 106.00
118.50 105.50
119.00 105.00
119.50 104.50
120.00 104.00
120.50 104.00
121.00 103.50
121.50 103.00
122.00 103.00
122.50 102.50
123.00 102.50
123.50 102.50
124.00 102.00
124.50 102.00
125.00 101.50
125.50 101.50
126.00 101.50
126.50 101.50
127.00 101.00
127.50 101.00
