134.50 138.00
134.00 138.00
133.50 138.00
133.00 138.00
132.50 138.00
132.00 138.00
131.50 137.50
131.00 137.50
130.50 137.00
130.00 137.00
129.50 137.00
129.00 136.50
128.50 136.50
128.00 136.00
127.50 136.00
127.00 135.50
126.50 135.50
126.00 135.00
125.50 134.50
125.00 134.50
124.50 134.00
124.00 133.50
123.50 133.50
123.00 133.00
122.50 132.50
122.00 132.00
121.50 131.50
121.00 131.00
121.00 130.50
120.50 130.00
120.00 129.50
119.50 129.00
119.50 128.50
119.00 128.00
119.00 127.50
118.50 127.00
118.50 126.50
118.50 126.00
118.00 125.50
118.00 125.00
118.00 124.50
118.00 124.00
118.00 123.50
118.00 123.00
118.00 122.50
118.00 122.00
118.00 121.50
118.00 121.00
118.00 120.50
118.00 120.00
118.50 119.50
118.50 119.00
118.50 118.50
118.50 118.00
119.00 117.50
119.00 117.00
119.00 116.50
119.50 116.00
119.50 115.50
120.00 115.00
120.00 114.50
120.50 114.00
121.00 113.50
121.00 113.00
121.50 112.50
122.00 112.00
122.50 111.50
123.00 111.00
123.50 110.50
124.00 110.00
124.50 110.00
125.00 109.50
125.50 109.00
126.00 109.00
126.50 108.50
127.00 108.50
127.50 108.50
128.00 108.00
128.50 108.00
129.00 108.00
129.50 108.00
130.00 108.00
130.50 107.50
131.00 107.50
131.50 107.50
132.00 107.50
132.50 107.50
133.00 107.50
133.50 107.50
134.00 107.50
134.50 107.50
135.00 107.50
135.50 107.50
136.00 107.50
136.50 107.50
137.00 108.00
137.50 108.00
138.00 108.00
138.50 108.00
139.00 108.50
139.50 108.50
140.00 108.50
140.50 109.00
141.00 109.00
141.50 109.00
142.00 109.50
142.50 110.00
143.00 110.00
143.50 110.00
144.00 110.50
144.50 111.00
145.00 111.50
145.50 111.50
146.00 112.00
146.50 112.00
147.00 112.50
147.50 113.00
148.00 113.50
148.00 114.00
148.50 114.50
149.00 115.00
149.50 115.50
149.50 116.00
150.00 116.50
150.00 117.00
150.50 117.50
150.50 118.00
151.00 118.50
151.00 119.00
151.00 119.50
151.50 120.00
151.50 120.50
151.50 121.00
151.50 121.50
151.50 122.00
151.50 122.50
151.50 123.00
151.50 123.50
151.50 124.00
151.50 124.50
151.50 125.00
151.50 125.50
151.50 126.00
151.50 126.50
151.50 127.00
151.00 127.50
151.00 128.00
151.00 128.50
150.50 129.00
150.50 129.50
150.00 130.00
149.50 130.50
149.50 131.00
149.00 131.50
148.50 131.50
148.00 132.00
148.50 132.50
148.00 133.00
147.50 133.50
147.00 133.50
146.50 134.00
146.00 134.50
145.50 134.50
145.00 135.00
144.50 135.50
144.00 135.50
143.50 136.00
143.00 136.50
142.50 136.50
142.00 137.00
141.50 137.00
141.00 137.50
140.50 137.50
140.00 137.50
139.50 138.00
139.00 138.00
138.50 138.00
138.00 138.00
137.50 138.00
137.00 138.00
136.50 138.50
136.00 138.50
135.50 138.50
135.00 138.50
