151.50 125.00
151.50 125.50
151.50 126.00
151.00 126.50
151.00 127.00
150.50 127.50
150.50 128.00
150.50 128.50
150.00 129.00
150.00 129.50
149.50 130.00
149.50 130.50
149.00 131.00
148.50 131.50
148.00 132.00
148.00 132.50
147.50 133.00
147.00 133.50
146.50 134.00
146.00 134.50
145.50 134.50
145.00 134.50
144.50 135.00
144.00 135.00
143.50 135.50
143.00 135.50
142.50 135.50
142.00 135.50
141.50 135.50
141.00 135.50
140.50 135.50
140.00 135.50
139.50 135.50
139.00 135.50
138.50 135.50
138.00 135.50
137.50 135.50
137.00 136.00
136.50 136.00
136.00 135.50
135.50 135.00
135.00 135.00
134.50 135.00
134.00 134.50
133.50 134.50
133.00 134.00
132.50 134.00
132.00 134.00
131.50 133.50
131.00 133.50
130.50 133.00
130.00 132.50
129.50 132.00
129.00 131.50
128.50 131.00
128.50 130.50
128.00 130.00
128.00 129.50
128.00 129.00
127.50 128.50
127.50 128.00
127.00 127.50
127.00 127.00
126.50 126.50
126.50 126.00
126.00 125.50
126.00 125.00
126.00 124.50
126.00 124.00
126.00 123.50
125.50 123.00
125.50 122.50
125.50 122.00
125.50 121.50
125.50 121.00
125.50 120.50
125.50 120.00
125.50 119.50
125.50 119.00
125.50 118.50
125.50 118.00
125.50 117.50
126.00 117.00
126.00 116.50
126.50 116.00
126.50 115.50
127.00 115.00
127.50 114.50
128.00 114.50
128.50 114.00
129.00 113.50
129.50 113.50
130.00 113.00
130.50 113.00
131.00 112.50
131.50 112.50
132.00 112.00
132.50 112.00
133.00 112.00
133.50 112.00
134.00 112.00
134.50 111.50
135.00 111.50
135.50 111.50
136.00 111.50
136.50 111.50
137.00 111.50
137.50 111.50
138.00 111.50
138.50 111.50
139.00 111.50
139.50 111.50
140.00 111.50
140.50 112.00
141.00 112.00
141.50 112.00
142.00 112.00
142.50 112.50
143.00 112.50
143.50 112.50
144.00 113.00
144.50 113.50
145.00 113.50
145.50 114.00
146.00 114.00
146.50 114.50
147.00 115.00
147.50 115.50
148.00 116.00
148.00 116.50
148.50 117.00
149.00 117.50
149.00 118.00
149.50 118.50
149.50 119.00
150.00 119.50
150.00 120.00
150.50 120.50
150.50 121.00
150.50 121.50
150.50 122.00
150.50 122.50
150.50 123.00
151.00 123.50
151.00 124.00
151.00 124.50
