113.00 128.00
113.00 127.50
112.50 127.00
112.50 126.50
112.50 126.00
112.00 125.50
112.00 125.00
112.00 124.50
112.00 124.00
112.00 123.50
112.00 123.00
112.00 122.50
112.00 122.00
112.00 121.50
112.00 121.00
112.00 120.50
112.00 120.00
112.00 119.50
112.00 119.00
112.00 118.50
112.50 118.00
112.50 117.50
112.50 117.00
113.00 116.50
113.00 116.00
113.00 115.50
113.00 115.00
113.00 114.50
113.50 114.00
113.50 113.50
114.00 113.00
114.00 112.50
114.50 112.00
114.50 111.50
114.50 111.00
115.00 110.50
115.50 110.00
116.00 109.50
116.00 109.00
116.50 108.50
117.00 108.00
117.00 107.50
117.50 107.00
118.00 106.50
118.50 106.00
119.00 105.50
119.50 105.50
120.00 105.00
120.00 104.50
120.50 104.00
121.00 104.00
121.50 103.50
122.00 103.50
122.50 103.00
123.00 102.50
123.50 102.50
124.00 102.00
124.50 102.00
125.00 101.50
125.50 101.50
126.00 101.00
126.50 101.00
127.00 100.50
127.50 100.50
128.00 100.50
128.50 100.50
129.00 100.50
129.50 100.50
130.00 100.50
130.50 100.50
131.00 100.50
131.50 100.50
132.00 100.50
132.50 100.50
133.00 100.50
133.50 100.50
134.00 100.00
134.50 100.50
135.00 100.50
135.50 101.00
136.00 101.50
136.50 101.50
137.00 101.50
137.50 102.00
138.00 102.50
138.50 103.00
139.00 103.00
139.50 103.50
140.00 104.00
140.50 104.50
141.00 104.50
141.50 105.00
142.00 105.50
142.50 106.00
143.00 106.50
143.50 107.00
144.00 107.50
144.50 108.00
144.50 108.50
145.00 109.00
145.50 109.50
145.50 110.00
146.00 110.50
146.00 111.00
146.50 111.50
146.50 112.00
147.00 112.50
147.50 113.00
147.50 113.50
147.50 114.00
148.00 114.50
148.00 115.00
148.00 115.50
148.50 116.00
148.50 116.50
149.00 117.00
149.00 117.50
149.50 118.00
149.50 118.50
149.50 119.00
150.00 119.50
150.00 120.00
150.00 120.50
150.00 121.00
150.00 121.50
150.00 122.00
150.00 122.50
150.50 123.00
150.00 123.50
150.00 124.00
150.00 124.50
150.00 125.00
150.00 125.50
149.50 126.00
149.50 126.50
149.00 127.00
149.00 127.50
148.50 128.00
148.00 128.50
148.00 129.00
147.50 129.50
147.00 130.00
146.50 130.50
146.00 131.00
145.50 131.50
145.00 132.00
144.50 132.00
144.00 132.50
143.50 133.00
143.00 133.50
142.50 133.50
142.00 134.00
141.50 134.00
141.00 134.50
140.50 134.50
140.00 135.00
139.50 134.50
139.00 134.50
138.50 135.00
138.00 135.00
137.50 135.00
137.00 135.00
136.50 135.50
136.00 135.50
135.50 135.50
135.00 135.50
134.50 135.50
134.00 135.50
133.50 135.50
133.00 135.50
132.50 135.50
132.00 135.50
131.50 135.50
131.00 135.50
130.50 135.50
130.00 135.50
129.50 135.50
129.00 135.50
128.50 135.50
128.00 135.50
127.50 135.50
127.00 135.50
126.50 135.50
126.00 135.00
125.50 135.00
125.00 135.00
124.50 135.00
124.00 135.00
123.50 134.50
123.00 134.50
122.50 134.50
122.00 134.00
121.50 134.00
121.00 133.50
120.50 133.50
120.00 133.50
119.50 133.00
119.00 133.00
118.50 132.50
118.00 132.00
117.50 132.00
117.00 131.50
116.50 131.00
116.00 130.50
115.50 130.00
115.00 129.50
114.50 129.00
114.00 128.50
113.50 128.50
