137.50 97.50
138.00 98.00
138.50 98.00
139.00 98.50
139.50 98.50
140.00 99.00
140.50 99.00
141.00 99.50
141.50 100.00
142.00 100.00
142.50 100.50
143.00 100.50
143.50 101.00
144.00 101.50
144.50 102.00
145.00 102.50
145.50 103.00
146.00 103.50
146.50 104.00
147.00 104.50
147.00 105.00
147.50 105.50
147.50 106.00
148.00 106.50
148.50 107.00
148.50 107.50
149.00 108.00
149.00 108.50
149.50 109.00
149.50 109.50
149.50 110.00
150.00 110.50
150.00 111.00
150.00 111.50
150.50 112.00
150.50 112.50
150.50 113.00
150.50 113.50
151.00 114.00
151.00 114.50
151.50 115.00
151.50 115.50
152.00 116.00
152.00 116.50
152.50 117.00
152.50 117.50
152.50 118.00
153.00 118.50
153.00 119.00
153.50 119.50
153.50 120.00
153.50 120.50
154.00 121.00
154.00 121.50
154.00 122.00
154.00 122.50
154.00 123.00
154.00 123.50
154.00 124.00
154.00 124.50
154.00 125.00
154.00 125.50
154.00 126.00
154.00 126.50
154.00 127.00
154.00 127.50
154.00 128.00
154.00 128.50
153.50 129.00
153.50 129.50
153.50 130.00
153.50 130.50
153.00 131.00
153.00 131.50
153.00 132.00
153.00 132.50
153.00 133.00
152.50 133.50
152.50 134.00
152.50 134.50
152.00 135.00
152.00 135.50
152.00 136.00
151.50 136.50
151.50 137.00
151.00 137.50
150.50 138.00
150.50 138.50
150.00 139.00
149.50 139.50
149.00 140.00
148.50 140.50
148.00 141.00
147.50 141.50
147.00 141.50
146.50 142.00
146.00 142.00
145.50 142.50
145.00 143.00
144.50 143.00
144.00 143.50
143.50 143.50
143.00 144.00
142.50 144.00
142.00 144.00
141.50 144.50
141.00 144.50
140.50 144.50
140.00 145.00
139.50 145.00
139.00 145.00
138.50 145.00
138.00 145.50
137.50 145.50
137.00 145.50
136.50 145.50
136.00 145.50
135.50 146.00
135.00 146.00
134.50 146.00
134.00 146.00
133.50 146.00
133.00 146.00
132.50 146.00
132.00 146.00
131.50 146.00
131.00 146.00
130.50 146.00
130.00 146.00
129.50 146.00
129.00 146.00
128.50 146.00
128.00 145.50
127.50 145.50
127.00 145.50
126.50 145.50
126.00 145.50
125.50 145.00
125.00 145.00
124.50 145.00
124.00 145.00
123.50 145.00
123.00 144.50
122.50 144.50
122.00 144.50
121.50 144.00
121.00 144.00
120.50 144.00
120.00 143.50
119.50 143.50
119.00 143.50
118.50 143.00
118.00 143.00
117.50 143.00
117.00 142.50
116.50 142.00
116.00 142.00
115.50 141.50
115.00 141.00
114.50 141.00
114.00 140.50
113.50 140.00
113.00 139.50
112.50 139.00
112.00 138.50
111.50 138.00
111.50 137.50
111.00 137.00
111.00 136.50
110.50 136.00
110.50 135.50
110.00 135.00
109.50 134.50
109.50 134.00
109.00 133.50
109.00 133.00
109.00 132.50
108.50 132.00
108.50 131.50
108.50 131.00
108.00 130.50
108.00 130.00
108.00 129.50
107.50 129.00
107.50 128.50
107.50 128.00
107.50 127.50
107.00 127.00
107.00 126.50
107.00 126.00
107.00 125.50
107.00 125.00
107.00 124.50
106.50 124.00
106.50 123.50
106.50 123.00
106.50 122.50
106.50 122.00
106.50 121.50
106.50 121.00
106.50 120.50
106.50 120.00
106.50 119.50
106.50 119.00
106.50 118.50
106.50 118.00
106.50 117.50
106.50 117.00
106.50 116.50
106.50 116.00
106.50 115.50
106.50 115.00
107.00 114.50
107.00 114.00
107.00 113.50
107.00 113.00
107.00 112.50
107.50 112.00
107.50 111.50
107.50 111.00
108.00 110.50
108.50 110.00
108.50 109.50
109.00 109.00
109.00 108.50
109.50 108.00
110.00 107.50
110.00 107.00
110.00 106.50
110.50 106.00
111.00 106.00
111.50 105.50
112.00 105.00
112.00 104.50
112.50 104.00
113.00 103.50
113.50 103.00
114.00 102.50
114.50 102.00
115.00 101.50
115.50 101.00
116.00 100.50
116.50 100.50
117.00 100.00
117.50 99.50
118.00 99.00
118.50 99.00
119.00 98.50
119.50 98.00
120.00 98.00
120.50 97.50
121.00 97.50
121.50 97.50
122.00 97.00
122.50 97.00
123.00 97.00
123.50 96.50
124.00 96.50
124.50 96.50
125.00 96.50
125.50 96.00
126.00 96.00
126.50 96.00
127.00 96.00
127.50 96.00
128.00 96.00
128.50 96.00
129.00 96.00
129.50 96.00
130.00 96.00
130.50 96.00
131.00 96.00
131.50 96.00
132.00 96.00
132.50 96.50
133.00 96.50
133.50 96.50
134.00 96.50
134.50 96.50
135.00 97.00
135.50 97.00
136.00 97.00
136.50 97.50
137.00 97.50
