125.00 95.00
125.50 95.00
126.00 95.00
126.50 94.50
127.00 94.50
127.50 94.50
128.00 94.50
128.50 94.50
129.00 94.50
129.50 94.50
130.00 94.50
130.50 94.50
131.00 94.50
131.50 94.50
132.00 94.50
132.50 94.50
133.00 94.50
133.50 94.50
134.00 94.50
134.50 94.50
135.00 94.50
135.50 95.00
136.00 95.00
136.50 95.00
137.00 95.00
137.50 95.50
138.00 95.50
138.50 95.50
139.00 95.50
139.50 96.00
140.00 96.00
140.50 96.50
141.00 96.50
141.50 96.50
142.00 97.00
142.50 97.00
143.00 97.50
143.50 98.00
144.00 98.00
144.50 98.50
145.00 99.00
145.50 99.50
146.00 100.00
146.50 100.50
147.00 101.00
147.50 101.00
148.00 101.50
148.50 102.00
149.00 102.50
149.50 103.00
149.50 103.50
150.00 104.00
150.00 104.50
150.50 105.00
151.00 105.50
151.00 106.00
151.50 106.50
152.00 107.00
152.00 107.50
152.50 108.00
152.50 108.50
153.00 109.00
153.00 109.50
153.50 110.00
153.50 110.50
154.00 111.00
154.00 111.50
154.00 112.00
154.50 112.50
154.50 113.00
155.00 113.50
155.00 114.00
155.00 114.50
155.50 115.00
155.50 115.50
155.50 116.00
155.50 116.50
156.00 117.00
156.00 117.50
156.00 118.00
156.00 118.50
156.00 119.00
156.50 119.50
156.50 120.00
156.50 120.50
156.50 121.00
156.50 121.50
156.50 122.00
156.50 122.50
156.50 123.00
156.50 123.50
156.50 124.00
156.50 124.50
156.50 125.00
156.50 125.50
156.50 126.00
156.50 126.50
156.50 127.00
156.50 127.50
156.50 128.00
156.00 128.50
156.00 129.00
156.00 129.50
156.00 130.00
155.50 130.50
155.50 131.00
155.50 131.50
155.50 132.00
155.00 132.50
154.50 133.00
154.50 133.50
154.50 134.00
154.00 134.50
153.50 135.00
153.50 135.50
153.00 136.00
152.50 136.50
152.00 137.00
151.50 137.50
151.00 138.00
150.50 138.50
150.00 139.00
149.50 139.50
149.00 140.00
148.50 140.50
148.00 141.00
147.50 141.00
147.00 141.50
146.50 141.50
146.00 142.00
145.50 142.50
145.00 142.50
144.50 143.00
144.00 143.00
143.50 143.50
143.00 143.50
142.50 143.50
142.00 144.00
141.50 144.00
141.00 144.50
140.50 144.50
140.00 144.50
139.50 144.50
139.00 145.00
138.50 145.00
138.00 145.00
137.50 145.00
137.00 145.00
136.50 145.00
136.00 145.50
135.50 145.50
135.00 145.50
134.50 145.50
134.00 145.50
133.50 145.50
133.00 145.50
132.50 145.50
132.00 145.50
131.50 145.50
131.00 145.50
130.50 145.50
130.00 145.50
129.50 145.50
129.00 145.50
128.50 145.50
128.00 145.50
127.50 145.00
127.00 145.00
126.50 145.00
126.00 145.00
125.50 145.00
125.00 144.50
124.50 144.50
124.00 144.50
123.50 144.50
123.00 144.00
122.50 144.00
122.00 144.00
121.50 144.00
121.00 143.50
120.50 143.50
120.00 143.00
119.50 143.00
119.00 142.50
118.50 142.50
118.00 142.50
117.50 142.00
117.00 142.00
116.50 141.50
116.00 141.50
115.50 141.00
115.00 141.00
114.50 140.50
114.00 140.00
113.50 139.50
113.00 139.50
112.50 139.00
112.00 138.50
111.50 138.00
111.00 137.50
110.50 137.00
110.00 136.50
110.00 136.00
109.50 135.50
109.00 135.00
108.50 134.50
108.50 134.00
108.50 133.50
108.00 133.00
108.00 132.50
107.50 132.00
107.50 131.50
107.50 131.00
107.00 130.50
107.00 130.00
107.00 129.50
107.00 129.00
107.00 128.50
106.50 128.00
106.50 127.50
106.50 127.00
106.50 126.50
106.50 126.00
106.00 125.50
106.00 125.00
106.00 124.50
106.00 124.00
106.00 123.50
106.00 123.00
106.00 122.50
105.50 122.00
105.50 121.50
105.50 121.00
105.50 120.50
105.50 120.00
105.50 119.50
105.50 119.00
105.50 118.50
105.50 118.00
105.50 117.50
105.50 117.00
105.50 116.50
105.50 116.00
105.50 115.50
105.50 115.00
106.00 114.50
106.00 114.00
106.00 113.50
106.00 113.00
106.00 112.50
106.00 112.00
106.50 111.50
106.50 111.00
106.50 110.50
106.50 110.00
107.00 109.50
107.00 109.00
107.00 108.50
107.50 108.00
107.50 107.50
107.50 107.00
108.00 106.50
108.50 106.00
108.50 105.50
108.50 105.00
109.00 104.50
109.50 104.00
109.50 103.50
110.00 103.00
110.50 102.50
111.00 102.00
111.00 101.50
111.50 101.00
112.00 100.50
112.50 100.00
113.00 99.50
113.50 99.00
114.00 99.00
114.50 98.50
115.00 98.00
115.50 98.00
116.00 97.50
116.50 97.50
117.00 97.00
117.50 97.00
118.00 96.50
118.50 96.50
119.00 96.50
119.50 96.00
120.00 96.00
120.50 96.00
121.00 95.50
121.50 95.50
122.00 95.50
122.50 95.50
123.00 95.00
123.50 95.00
124.00 95.00
124.50 95.00
