112.00 115.00
112.50 114.50
113.00 114.00
113.50 113.50
114.00 113.00
114.50 112.50
115.00 112.50
115.50 112.00
116.00 111.50
116.50 111.00
117.00 110.50
117.50 110.00
118.00 110.00
118.50 110.00
119.00 109.50
119.50 109.00
120.00 108.50
120.50 108.00
121.00 107.50
121.50 107.50
122.00 107.00
122.50 106.50
123.00 106.00
123.50 106.00
124.00 105.50
124.50 105.50
125.00 105.00
125.50 104.50
126.00 104.50
126.50 104.00
127.00 103.50
127.50 103.50
128.00 103.50
128.50 103.00
129.00 103.00
129.50 103.00
130.00 103.00
130.50 102.50
131.00 102.50
131.50 102.50
132.00 102.50
132.50 102.50
133.00 102.50
133.50 102.50
134.00 102.50
134.50 102.50
135.00 102.50
135.50 102.50
136.00 102.50
136.50 102.50
137.00 103.00
137.50 103.00
138.00 103.00
138.50 103.00
139.00 103.50
139.50 103.50
140.00 103.50
140.50 103.50
141.00 104.00
141.50 104.00
142.00 104.50
142.50 104.50
143.00 104.50
143.50 105.00
144.00 105.00
144.50 105.50
145.00 106.00
145.50 106.00
146.00 106.00
146.50 106.50
147.00 106.50
147.50 107.00
148.00 107.50
148.50 108.00
149.00 108.50
149.50 108.50
150.00 109.00
150.50 109.50
151.00 110.00
151.50 110.50
152.00 111.00
152.50 111.50
153.00 112.00
153.50 112.50
153.50 113.00
154.00 113.50
154.50 114.00
154.50 114.50
155.00 115.00
155.00 115.50
155.00 116.00
155.50 116.50
155.50 117.00
156.00 117.50
156.50 118.00
156.50 118.50
156.50 119.00
157.00 119.50
157.00 120.00
157.00 120.50
157.00 121.00
157.50 121.50
157.50 122.00
157.50 122.50
157.50 123.00
158.00 123.50
158.00 124.00
158.00 124.50
158.00 125.00
158.00 125.50
158.00 126.00
158.00 126.50
158.00 127.00
158.00 127.50
158.00 128.00
158.00 128.50
158.00 129.00
158.00 129.50
158.00 130.00
157.50 130.50
157.50 131.00
157.50 131.50
157.00 132.00
157.00 132.50
157.00 133.00
157.00 133.50
156.50 134.00
156.50 134.50
156.00 135.00
156.00 135.50
155.50 136.00
155.50 136.50
155.50 137.00
155.00 137.50
155.00 138.00
155.00 138.50
154.50 139.00
154.50 139.50
154.00 140.00
154.00 140.50
154.00 141.00
153.50 141.50
153.50 142.00
153.00 142.50
152.50 143.00
152.50 143.50
152.00 144.00
152.00 144.50
151.50 145.00
151.00 145.50
151.00 146.00
150.50 146.50
150.00 147.00
149.50 147.50
149.50 148.00
149.00 148.50
148.50 149.00
148.00 149.50
147.50 149.50
147.00 150.00
146.50 150.50
146.00 151.00
145.50 151.50
145.00 151.50
144.50 152.00
144.00 152.00
143.50 152.50
143.00 152.50
142.50 153.00
142.00 153.50
141.50 153.50
141.00 153.50
140.50 154.00
140.00 154.50
139.50 154.50
139.00 154.50
138.50 155.00
138.00 155.00
137.50 155.00
137.00 155.50
136.50 155.50
136.00 155.50
135.50 155.50
135.00 156.00
134.50 156.00
134.00 156.00
133.50 156.00
133.00 156.50
132.50 156.50
132.00 156.50
131.50 156.50
131.00 156.50
130.50 156.50
130.00 156.50
129.50 156.50
129.00 156.50
128.50 156.50
128.00 156.50
127.50 156.50
127.00 156.50
126.50 156.50
126.00 156.50
125.50 156.00
125.00 156.00
124.50 156.00
124.00 156.00
123.50 156.00
123.00 155.50
122.50 155.50
122.00 155.00
121.50 155.00
121.00 155.00
120.50 154.50
120.00 154.50
119.50 154.50
119.00 154.00
118.50 153.50
118.00 153.00
117.50 152.50
117.00 152.50
116.50 152.00
116.00 151.50
115.50 151.00
115.00 150.50
115.00 150.00
114.50 149.50
114.00 149.00
113.50 148.50
113.50 148.00
113.00 147.50
112.50 147.00
112.50 146.50
112.00 146.00
111.50 145.50
111.00 145.00
110.50 144.50
110.50 144.00
110.00 143.50
109.50 143.00
109.00 142.50
109.00 142.00
108.50 141.50
108.00 141.00
107.50 140.50
107.50 140.00
107.00 139.50
107.00 139.00
106.50 138.50
106.50 138.00
106.00 137.50
106.00 137.00
106.00 136.50
106.00 136.00
105.50 135.50
105.50 135.00
105.50 134.50
105.50 134.00
105.00 133.50
105.00 133.00
105.00 132.50
105.00 132.00
105.00 131.50
105.00 131.00
105.00 130.50
105.00 130.00
105.50 129.50
105.50 129.00
105.50 128.50
105.50 128.00
105.50 127.50
105.50 127.00
106.00 126.50
106.00 126.00
106.00 125.50
106.00 125.00
106.50 124.50
106.50 124.00
106.50 123.50
107.00 123.00
107.00 122.50
107.00 122.00
107.50 121.50
107.50 121.00
108.00 120.50
108.50 120.00
108.50 119.50
109.00 119.00
109.50 118.50
109.50 118.00
110.00 117.50
110.50 117.00
110.50 116.50
111.00 116.00
111.50 115.50
