118.50 98.50
119.00 98.00
119.50 98.00
120.00 97.50
120.50 97.00
121.00 97.00
121.50 96.50
122.00 96.50
122.50 96.00
123.00 96.00
123.50 95.50
124.00 95.50
124.50 95.00
125.00 95.00
125.50 95.00
126.00 95.00
126.50 95.00
127.00 95.00
127.50 94.50
128.00 94.50
128.50 94.50
129.00 94.50
129.50 94.50
130.00 94.50
130.50 94.50
131.00 94.50
131.50 94.50
132.00 94.50
132.50 94.50
133.00 94.50
133.50 94.50
134.00 94.50
134.50 94.50
135.00 94.50
135.50 94.50
136.00 94.50
136.50 94.50
137.00 94.50
137.50 95.00
138.00 95.00
138.50 95.00
139.00 95.00
139.50 95.00
140.00 95.50
140.50 95.50
141.00 95.50
141.50 96.00
142.00 96.00
142.50 96.00
143.00 96.50
143.50 96.50
144.00 97.00
144.50 97.00
145.00 97.50
145.50 98.00
146.00 98.00
146.50 98.50
147.00 99.00
147.50 99.50
148.00 99.50
148.50 100.00
149.00 100.50
149.50 101.00
150.00 101.50
150.50 102.00
151.00 102.50
151.00 103.00
151.50 103.50
152.00 104.00
152.00 104.50
152.50 105.00
152.50 105.50
153.00 106.00
153.00 106.50
153.50 107.00
153.50 107.50
154.00 108.00
154.50 108.50
154.50 109.00
154.50 109.50
155.00 110.00
155.00 110.50
155.50 111.00
155.50 111.50
156.00 112.00
156.00 112.50
156.50 113.00
156.50 113.50
156.50 114.00
157.00 114.50
157.00 115.00
157.00 115.50
157.00 116.00
157.50 116.50
157.50 117.00
157.50 117.50
158.00 118.00
158.00 118.50
158.00 119.00
158.00 119.50
158.50 120.00
158.50 120.50
158.50 121.00
158.50 121.50
158.50 122.00
158.50 122.50
159.00 123.00
159.00 123.50
159.00 124.00
159.00 124.50
159.00 125.00
159.00 125.50
159.00 126.00
159.00 126.50
158.50 127.00
158.50 127.50
158.50 128.00
158.50 128.50
158.50 129.00
158.50 129.50
158.50 130.00
158.00 130.50
158.00 131.00
158.00 131.50
157.50 132.00
157.50 132.50
157.50 133.00
157.00 133.50
156.50 134.00
156.50 134.50
156.00 135.00
155.50 135.50
155.50 136.00
155.50 136.50
155.00 137.00
154.50 137.50
154.00 138.00
154.00 138.50
153.50 139.00
153.00 139.50
152.50 140.00
152.00 140.50
151.50 141.00
151.50 141.50
151.00 142.00
150.50 142.00
150.00 142.50
149.50 143.00
149.00 143.50
149.00 144.00
148.50 144.50
148.00 144.50
147.50 145.00
147.00 145.50
146.50 146.00
146.00 146.00
145.50 146.50
145.00 147.00
144.50 147.00
144.00 147.50
143.50 148.00
143.00 148.00
142.50 148.50
142.00 148.50
141.50 148.50
141.00 149.00
140.50 149.00
140.00 149.50
139.50 149.50
139.00 150.00
138.50 150.00
138.00 150.00
137.50 150.00
137.00 150.50
136.50 150.50
136.00 150.50
135.50 151.00
135.00 151.00
134.50 151.00
134.00 151.00
133.50 151.00
133.00 151.00
132.50 151.50
132.00 151.50
131.50 151.50
131.00 151.50
130.50 151.50
130.00 151.50
129.50 151.50
129.00 151.50
128.50 151.50
128.00 151.50
127.50 151.50
127.00 151.50
126.50 151.00
126.00 151.00
125.50 151.00
125.00 151.00
124.50 150.50
124.00 150.50
123.50 150.50
123.00 150.00
122.50 150.00
122.00 149.50
121.50 149.50
121.00 149.00
120.50 149.00
120.00 148.50
119.50 148.00
119.00 148.00
118.50 147.50
118.00 147.00
117.50 147.00
117.00 146.50
116.50 146.00
116.00 145.50
115.50 145.00
115.00 144.50
114.50 144.50
114.00 144.00
114.00 143.50
113.50 143.00
113.00 143.00
112.50 142.50
112.50 142.00
112.00 141.50
111.50 141.00
111.50 140.50
111.00 140.00
110.50 139.50
110.50 139.00
110.00 138.50
109.50 138.00
109.50 137.50
109.00 137.00
109.00 136.50
108.50 136.00
108.50 135.50
108.00 135.00
108.00 134.50
107.50 134.00
107.50 133.50
107.50 133.00
107.00 132.50
107.00 132.00
107.00 131.50
106.50 131.00
106.50 130.50
106.50 130.00
106.50 129.50
106.00 129.00
106.00 128.50
106.00 128.00
106.00 127.50
106.00 127.00
106.00 126.50
106.00 126.00
105.50 125.50
105.50 125.00
105.50 124.50
105.50 124.00
105.50 123.50
105.50 123.00
105.50 122.50
105.50 122.00
105.50 121.50
105.50 121.00
105.50 120.50
105.50 120.00
105.50 119.50
105.50 119.00
105.50 118.50
105.50 118.00
105.50 117.50
105.50 117.00
106.00 116.50
106.00 116.00
106.00 115.50
106.00 115.00
106.00 114.50
106.50 114.00
106.50 113.50
106.50 113.00
107.00 112.50
107.00 112.00
107.50 111.50
107.50 111.00
108.00 110.50
108.00 110.00
108.00 109.50
108.50 109.00
109.00 108.50
109.00 108.00
109.50 107.50
110.00 107.00
110.00 106.50
110.50 106.00
111.00 105.50
111.50 105.00
111.50 104.50
112.00 104.00
112.50 103.50
113.00 103.00
113.50 102.50
114.00 102.00
114.50 101.50
115.00 101.00
115.50 100.50
116.00 100.50
116.50 100.50
117.00 100.00
117.50 99.50
118.00 99.00
