114.50 113.00
115.00 112.50
115.50 112.50
116.00 112.00
116.50 111.50
117.00 111.50
117.50 111.00
118.00 110.50
118.50 110.50
119.00 110.50
119.50 110.00
120.00 109.50
120.50 109.50
121.00 109.50
121.50 109.50
122.00 109.50
122.50 109.50
123.00 109.00
123.50 109.00
124.00 109.00
124.50 109.00
125.00 109.00
125.50 109.50
126.00 109.50
126.50 109.50
127.00 109.50
127.50 109.50
128.00 109.50
128.50 109.50
129.00 109.50
129.50 109.50
130.00 109.50
130.50 109.50
131.00 109.50
131.50 109.50
132.00 109.50
132.50 109.50
133.00 109.50
133.50 109.50
134.00 110.00
134.50 110.00
135.00 110.00
135.50 110.00
136.00 110.00
136.50 110.00
137.00 110.00
137.50 110.50
138.00 110.50
138.50 110.50
139.00 110.50
139.50 111.00
140.00 111.50
140.50 111.50
141.00 112.00
141.50 112.50
142.00 112.50
142.50 113.00
143.00 113.50
143.50 114.00
144.00 114.00
144.50 114.50
145.00 114.50
145.50 115.00
146.00 115.50
146.50 116.00
147.00 116.50
147.00 117.00
147.00 117.50
147.50 118.00
148.00 118.50
148.00 119.00
148.50 119.50
149.00 120.00
149.50 120.50
149.50 121.00
150.00 121.50
150.50 122.00
151.00 122.50
151.00 123.00
151.50 123.50
151.50 124.00
152.00 124.50
152.50 125.00
152.50 125.50
152.50 126.00
153.00 126.50
152.50 127.00
152.50 127.50
153.00 128.00
153.00 128.50
153.00 129.00
153.50 129.50
153.50 130.00
153.50 130.50
154.00 131.00
154.00 131.50
154.00 132.00
154.00 132.50
154.50 133.00
154.50 133.50
154.50 134.00
154.50 134.50
154.50 135.00
154.50 135.50
154.50 136.00
155.00 136.50
155.00 137.00
155.00 137.50
155.00 138.00
155.00 138.50
155.00 139.00
154.50 139.50
154.50 140.00
154.50 140.50
154.50 141.00
154.50 141.50
154.50 142.00
154.00 142.50
154.00 143.00
154.00 143.50
153.50 144.00
153.50 144.50
153.50 145.00
153.00 145.50
153.00 146.00
153.00 146.50
152.50 147.00
152.50 147.50
152.50 148.00
152.00 148.50
152.00 149.00
152.00 149.50
151.50 150.00
151.50 150.50
151.50 151.00
151.00 151.50
151.00 152.00
151.00 152.50
150.50 153.00
150.50 153.50
150.00 154.00
150.00 154.50
149.50 155.00
149.00 155.50
149.00 156.00
148.50 156.50
148.00 157.00
147.50 157.50
147.00 158.00
146.50 158.00
146.00 158.50
145.50 158.50
145.00 159.00
144.50 159.00
144.00 159.50
143.50 159.50
143.00 159.50
142.50 159.50
142.00 160.00
141.50 160.00
141.00 160.50
140.50 160.50
140.00 160.50
139.50 161.00
139.00 161.00
138.50 161.00
138.00 161.50
137.50 161.50
137.00 161.50
136.50 162.00
136.00 162.00
135.50 162.00
135.00 162.50
134.50 162.50
134.00 162.50
133.50 162.50
133.00 162.50
132.50 163.00
132.00 163.00
131.50 163.00
131.00 163.00
130.50 163.00
130.00 163.00
129.50 163.00
129.00 163.00
128.50 163.00
128.00 163.00
127.50 163.00
127.00 162.50
126.50 162.50
126.00 162.50
125.50 162.50
125.00 162.50
124.50 162.00
124.00 162.00
123.50 162.00
123.00 162.00
122.50 161.50
122.00 161.50
121.50 162.00
121.00 162.50
120.50 162.00
120.00 162.00
119.50 161.50
119.00 161.50
118.50 161.00
118.00 161.00
117.50 161.00
117.00 160.50
116.50 160.00
116.00 160.00
115.50 160.00
115.00 159.50
114.50 159.50
114.00 159.00
113.50 159.00
113.00 158.50
112.50 158.00
112.00 158.00
111.50 157.50
111.00 157.00
110.50 156.50
110.00 156.00
109.50 155.50
109.00 155.00
108.50 154.50
108.00 154.00
108.00 153.50
107.50 153.00
107.00 152.50
107.00 152.00
106.50 151.50
106.00 151.00
106.00 150.50
105.50 150.00
105.50 149.50
105.00 149.00
105.00 148.50
104.50 148.00
104.50 147.50
104.00 147.00
104.00 146.50
104.00 146.00
103.50 145.50
103.00 145.00
103.00 144.50
103.00 144.00
103.00 143.50
102.50 143.00
102.50 142.50
102.50 142.00
102.50 141.50
102.00 141.00
102.00 140.50
102.00 140.00
102.00 139.50
101.50 139.00
101.50 138.50
101.50 138.00
101.50 137.50
101.50 137.00
101.50 136.50
101.50 136.00
101.50 135.50
101.00 135.00
101.00 134.50
101.00 134.00
101.00 133.50
101.00 133.00
101.00 132.50
101.00 132.00
101.00 131.50
101.50 131.00
101.50 130.50
101.50 130.00
101.50 129.50
101.50 129.00
102.00 128.50
102.00 128.00
102.00 127.50
102.50 127.00
102.50 126.50
102.50 126.00
103.00 125.50
103.00 125.00
103.50 124.50
103.50 124.00
104.00 123.50
104.00 123.00
104.50 122.50
104.50 122.00
105.00 121.50
105.00 121.00
105.50 120.50
106.00 120.00
106.50 119.50
107.00 119.00
107.50 118.50
107.50 118.00
108.00 117.50
108.50 117.50
109.00 117.00
109.00 116.50
109.50 116.00
110.00 116.50
110.50 116.00
111.00 115.50
111.50 115.00
112.00 114.50
112.50 114.00
113.00 113.50
113.50 113.50
114.00 113.50
