106.00 131.50
106.50 131.00
106.50 130.50
107.00 130.00
107.00 129.50
107.00 129.00
107.50 128.50
108.00 128.00
108.00 127.50
108.50 127.00
109.00 126.50
109.00 126.00
109.50 125.50
109.50 125.00
110.00 124.50
110.50 124.00
110.50 123.50
111.00 123.00
111.50 122.50
111.50 122.00
112.00 121.50
112.50 121.00
113.00 120.50
113.00 120.00
113.50 119.50
114.00 119.50
114.50 120.00
115.00 119.50
115.50 119.00
115.50 118.50
116.00 118.00
116.50 117.50
117.00 117.00
117.50 116.50
118.00 116.50
118.50 116.00
119.00 115.50
119.50 115.00
120.00 115.00
120.50 115.00
121.00 114.50
121.50 114.50
122.00 114.50
122.50 114.00
123.00 114.00
123.50 114.00
124.00 114.00
124.50 114.00
125.00 114.00
125.50 114.00
126.00 114.00
126.50 114.00
127.00 114.00
127.50 114.00
128.00 114.00
128.50 114.00
129.00 114.50
129.50 114.50
130.00 114.50
130.50 114.50
131.00 114.50
131.50 114.50
132.00 114.50
132.50 115.00
133.00 115.00
133.50 115.00
134.00 115.00
134.50 115.50
135.00 115.50
135.50 115.50
136.00 115.50
136.50 116.00
137.00 116.00
137.50 116.00
138.00 116.00
138.50 116.50
139.00 116.50
139.50 116.50
140.00 116.50
140.50 117.00
141.00 117.00
141.50 117.50
142.00 117.50
142.50 118.00
143.00 118.00
143.50 118.50
144.00 119.00
144.50 119.00
145.00 119.50
145.50 120.00
146.00 120.00
146.50 120.50
147.00 121.00
147.50 121.50
148.00 122.00
148.50 122.50
149.00 123.00
149.50 123.50
150.00 124.00
150.50 124.50
151.00 125.00
151.50 125.50
151.50 126.00
152.00 126.50
152.00 127.00
152.50 127.50
153.00 128.00
153.00 128.50
153.50 129.00
153.50 129.50
154.00 130.00
154.50 130.50
154.50 131.00
154.50 131.50
155.00 132.00
155.00 132.50
155.00 133.00
155.50 133.50
155.50 134.00
156.00 134.50
156.00 135.00
156.00 135.50
156.00 136.00
156.50 136.50
156.50 137.00
156.50 137.50
156.50 138.00
156.50 138.50
156.50 139.00
156.50 139.50
156.50 140.00
156.50 140.50
156.50 141.00
156.50 141.50
156.50 142.00
156.50 142.50
156.00 143.00
156.00 143.50
156.00 144.00
156.00 144.50
156.00 145.00
156.00 145.50
156.00 146.00
155.50 146.50
155.50 147.00
155.50 147.50
155.50 148.00
155.50 148.50
155.50 149.00
155.00 149.50
155.00 150.00
155.00 150.50
155.00 151.00
155.00 151.50
154.50 152.00
154.50 152.50
154.50 153.00
154.50 153.50
154.00 154.00
153.50 154.50
153.50 155.00
153.00 155.50
153.00 156.00
152.50 156.50
152.00 156.50
151.50 157.00
151.00 157.50
150.50 158.00
150.00 158.50
149.50 159.00
149.00 159.50
148.50 159.50
148.00 160.00
147.50 160.50
147.00 160.50
146.50 161.00
146.00 161.00
145.50 161.50
145.00 161.50
144.50 162.00
144.00 162.00
143.50 162.00
143.00 162.50
142.50 162.50
142.00 162.50
141.50 162.50
141.00 162.50
140.50 163.00
140.00 163.00
139.50 163.00
139.00 163.00
138.50 163.00
138.00 163.00
137.50 163.00
137.00 163.00
136.50 163.00
136.00 163.00
135.50 163.00
135.00 163.00
134.50 163.00
134.00 163.00
133.50 163.00
133.00 163.00
132.50 163.00
132.00 163.00
131.50 163.00
131.00 163.00
130.50 163.00
130.00 162.50
129.50 162.50
129.00 162.50
128.50 162.50
128.00 162.50
127.50 162.50
127.00 162.00
126.50 162.00
126.00 162.00
125.50 162.00
125.00 161.50
124.50 161.50
124.00 161.50
123.50 161.00
123.00 161.00
122.50 161.00
122.00 160.50
121.50 160.50
121.00 160.00
120.50 160.00
120.00 160.00
119.50 159.50
119.00 159.50
118.50 159.00
118.00 159.00
117.50 158.50
117.00 158.50
116.50 158.00
116.00 157.50
115.50 157.50
115.00 157.00
114.50 156.50
114.00 156.00
113.50 155.50
113.50 155.00
113.00 154.50
113.00 154.00
112.50 153.50
112.00 153.00
111.50 152.50
111.50 152.00
111.00 151.50
111.00 151.00
111.00 150.50
110.50 150.00
110.50 149.50
110.50 149.00
110.00 148.50
110.00 148.00
110.00 147.50
109.50 147.00
109.50 146.50
109.50 146.00
109.50 145.50
109.00 145.00
109.00 144.50
109.00 144.00
108.50 143.50
108.50 143.00
108.50 142.50
108.50 142.00
108.50 141.50
108.00 141.00
108.00 140.50
107.50 140.00
107.00 139.50
107.00 139.00
107.00 138.50
107.00 138.00
107.00 137.50
106.50 137.00
106.50 136.50
106.50 136.00
106.50 135.50
106.50 135.00
106.50 134.50
106.50 134.00
106.50 133.50
106.50 133.00
106.50 132.50
106.50 132.00
