127.00 109.00
127.50 109.00
128.00 109.00
128.50 108.50
129.00 108.50
129.50 108.50
130.00 108.50
130.50 108.50
131.00 108.50
131.50 108.50
132.00 108.00
132.50 108.00
133.00 108.00
133.50 108.00
134.00 108.00
134.50 108.00
135.00 108.50
135.50 108.50
136.00 108.50
136.50 108.50
137.00 108.50
137.50 109.00
138.00 109.00
138.50 109.50
139.00 109.50
139.50 110.00
140.00 110.00
140.50 110.50
141.00 111.00
141.50 111.00
142.00 111.50
142.50 111.50
143.00 112.00
143.50 112.50
144.00 112.50
144.50 113.00
145.00 113.50
145.50 113.50
146.00 114.00
146.50 114.50
147.00 114.50
147.50 115.00
148.00 115.50
148.50 116.00
149.00 116.00
149.50 116.50
150.00 117.00
150.50 117.00
151.00 117.50
151.50 117.50
152.00 118.00
151.50 118.50
152.00 119.00
152.50 119.50
153.00 120.00
153.50 120.50
154.00 121.00
154.00 121.50
154.50 122.00
154.50 122.50
155.00 123.00
155.50 123.50
155.50 124.00
155.50 124.50
156.00 125.00
156.00 125.50
156.50 126.00
156.50 126.50
156.50 127.00
156.50 127.50
157.00 128.00
157.00 128.50
157.00 129.00
157.00 129.50
157.00 130.00
157.00 130.50
157.00 131.00
157.00 131.50
157.00 132.00
157.00 132.50
157.00 133.00
157.00 133.50
157.00 134.00
157.00 134.50
157.00 135.00
157.00 135.50
157.00 136.00
157.00 136.50
157.00 137.00
157.00 137.50
157.00 138.00
157.00 138.50
156.50 139.00
156.50 139.50
156.50 140.00
156.50 140.50
156.50 141.00
156.50 141.50
156.50 142.00
156.50 142.50
156.50 143.00
156.50 143.50
156.50 144.00
156.50 144.50
156.00 145.00
156.00 145.50
156.00 146.00
156.00 146.50
156.00 147.00
156.00 147.50
156.00 148.00
156.00 148.50
155.50 149.00
155.50 149.50
155.50 150.00
155.50 150.50
155.00 151.00
155.00 151.50
155.00 152.00
154.50 152.50
154.50 153.00
154.00 153.50
153.50 154.00
153.00 154.50
152.50 155.00
152.00 155.50
151.50 156.00
151.00 156.50
150.50 157.00
150.00 157.50
149.50 157.50
149.00 158.00
148.50 158.50
148.00 158.50
147.50 159.00
147.00 159.00
146.50 159.50
146.00 159.50
145.50 160.00
145.00 160.00
144.50 160.50
144.00 160.50
143.50 160.50
143.00 161.00
142.50 161.00
142.00 161.00
141.50 161.50
141.00 161.50
140.50 161.50
140.00 162.00
139.50 162.00
139.00 162.00
138.50 162.00
138.00 162.00
137.50 162.00
137.00 162.50
136.50 162.50
136.00 162.50
135.50 162.50
135.00 162.50
134.50 162.50
134.00 162.50
133.50 162.50
133.00 162.50
132.50 162.50
132.00 162.50
131.50 162.50
131.00 162.50
130.50 162.50
130.00 162.00
129.50 162.00
129.00 162.00
128.50 162.00
128.00 162.00
127.50 162.00
127.00 161.50
126.50 161.50
126.00 161.50
125.50 161.50
125.00 161.00
124.50 161.00
124.00 161.00
123.50 160.50
123.00 160.50
122.50 160.50
122.00 160.00
121.50 160.00
121.00 159.50
120.50 159.50
120.00 159.00
119.50 159.00
119.00 158.50
118.50 158.00
118.00 158.00
117.50 158.00
117.00 157.50
116.50 157.00
116.00 156.50
115.50 156.00
115.00 156.00
114.50 155.50
114.00 155.00
113.50 154.50
113.00 154.00
112.50 153.50
112.00 153.00
111.50 153.00
111.00 152.50
111.00 152.00
110.50 151.50
110.00 151.00
110.00 150.50
109.50 150.00
109.00 149.50
109.00 149.00
108.50 148.50
108.00 148.00
108.00 147.50
107.50 147.00
107.50 146.50
107.00 146.00
107.00 145.50
107.00 145.00
106.50 144.50
106.50 144.00
106.00 143.50
106.00 143.00
106.00 142.50
106.00 142.00
105.50 141.50
105.50 141.00
105.50 140.50
105.50 140.00
105.00 139.50
105.00 139.00
105.00 138.50
105.00 138.00
105.00 137.50
105.00 137.00
105.00 136.50
105.00 136.00
105.00 135.50
105.00 135.00
105.00 134.50
105.00 134.00
105.00 133.50
105.00 133.00
105.00 132.50
105.00 132.00
105.00 131.50
105.00 131.00
105.00 130.50
105.00 130.00
105.50 129.50
105.50 129.00
105.50 128.50
106.00 128.00
106.00 127.50
106.00 127.00
106.50 126.50
106.50 126.00
106.50 125.50
107.00 125.00
107.50 124.50
107.50 124.00
107.50 123.50
108.00 123.00
108.00 122.50
108.50 122.00
108.50 121.50
109.00 121.00
109.50 120.50
110.00 120.00
110.00 119.50
110.50 119.00
111.00 118.50
111.50 118.00
112.00 117.50
112.50 117.00
113.00 116.50
113.50 116.00
114.00 115.50
114.50 115.00
115.00 114.50
115.50 114.50
116.00 114.00
116.50 113.50
117.00 113.00
117.50 113.00
118.00 112.50
118.50 112.50
119.00 112.00
119.50 111.50
120.00 111.50
120.50 111.00
121.00 111.00
121.50 110.50
122.00 110.50
122.50 110.50
123.00 110.00
123.50 110.00
124.00 109.50
124.50 109.50
125.00 109.50
125.50 109.00
126.00 109.00
126.50 109.00
