135.50 160.00
135.00 160.00
134.50 160.00
134.00 160.50
133.50 160.50
133.00 160.50
132.50 160.50
132.00 160.50
131.50 160.50
131.00 160.50
130.50 160.50
130.00 160.50
129.50 160.50
129.00 160.50
128.50 160.50
128.00 160.50
127.50 160.50
127.00 160.50
126.50 160.50
126.00 160.50
125.50 160.50
125.00 160.50
124.50 160.50
124.00 160.50
123.50 160.50
123.00 160.00
122.50 159.50
122.00 159.50
121.50 159.00
121.00 158.50
120.50 158.00
120.00 157.50
119.50 157.00
119.00 157.00
118.50 156.50
118.00 156.00
117.50 155.50
117.00 155.00
116.50 154.50
116.00 154.00
115.50 153.50
115.00 153.00
115.00 152.50
114.50 152.00
114.00 151.50
114.00 151.00
113.50 150.50
113.00 150.00
113.00 149.50
112.50 149.00
112.50 148.50
112.00 148.00
112.00 147.50
112.00 147.00
111.50 146.50
111.00 146.00
111.00 145.50
111.00 145.00
110.50 144.50
110.50 144.00
110.50 143.50
110.00 143.00
110.00 142.50
110.00 142.00
109.50 141.50
109.50 141.00
109.50 140.50
109.00 140.00
109.00 139.50
109.00 139.00
108.50 138.50
108.50 138.00
108.50 137.50
108.50 137.00
108.50 136.50
108.00 136.00
108.00 135.50
108.00 135.00
108.00 134.50
108.00 134.00
108.00 133.50
108.00 133.00
108.00 132.50
108.00 132.00
108.00 131.50
108.00 131.00
108.50 130.50
108.50 130.00
108.50 129.50
109.00 129.00
109.00 128.50
109.50 128.00
109.50 127.50
110.00 127.00
110.00 126.50
110.50 126.00
110.50 125.50
111.00 125.00
111.50 124.50
111.50 124.00
112.00 123.50
112.50 123.00
112.50 122.50
113.00 122.00
113.50 121.50
114.00 121.00
114.50 120.50
115.00 120.00
115.50 119.50
116.00 119.00
116.50 118.50
117.00 118.50
117.50 118.00
118.00 118.00
118.50 117.50
119.00 117.50
119.50 117.50
120.00 117.00
120.50 117.00
121.00 117.00
121.50 117.00
122.00 117.00
122.50 116.50
123.00 116.50
123.50 116.50
124.00 116.50
124.50 116.50
125.00 116.50
125.50 116.50
126.00 116.50
126.50 116.50
127.00 116.50
127.50 116.50
128.00 116.50
128.50 116.50
129.00 116.50
129.50 116.50
130.00 116.50
130.50 116.50
131.00 116.50
131.50 117.00
132.00 117.00
132.50 117.00
133.00 117.50
133.50 117.50
134.00 118.00
134.50 118.00
135.00 118.50
135.50 118.50
136.00 119.00
136.50 119.00
137.00 119.00
137.50 119.50
138.00 120.00
138.50 120.00
139.00 120.50
139.50 120.50
140.00 121.00
140.50 121.50
141.00 121.50
141.50 122.00
142.00 122.50
142.50 122.50
143.00 123.00
143.50 123.50
144.00 123.50
144.50 124.00
145.00 124.50
145.50 125.00
146.00 125.50
146.50 126.00
147.00 126.50
147.50 127.00
148.00 127.50
148.00 128.00
148.50 128.50
149.00 129.00
149.00 129.50
149.50 130.00
149.50 130.50
149.50 131.00
150.00 131.50
150.00 132.00
150.00 132.50
150.00 133.00
150.50 133.50
150.50 134.00
150.50 134.50
150.50 135.00
150.50 135.50
150.50 136.00
151.00 136.50
151.00 137.00
151.00 137.50
151.50 138.00
152.00 138.50
152.50 139.00
152.50 139.50
152.50 140.00
152.50 140.50
152.50 141.00
152.50 141.50
152.50 142.00
152.50 142.50
152.50 143.00
152.50 143.50
152.00 144.00
152.00 144.50
152.00 145.00
152.00 145.50
152.00 146.00
152.00 146.50
152.00 147.00
152.00 147.50
152.00 148.00
152.00 148.50
152.00 149.00
152.00 149.50
152.00 150.00
151.50 150.50
151.50 151.00
151.00 151.50
150.50 152.00
150.50 152.50
150.00 153.00
149.50 153.50
149.00 154.00
148.50 154.50
148.00 155.00
147.50 155.50
147.00 155.50
146.50 156.00
146.00 156.00
145.50 156.50
145.00 156.50
144.50 156.50
144.00 157.00
143.50 157.00
143.00 157.00
142.50 157.50
142.00 157.50
141.50 158.00
141.00 158.00
140.50 158.50
140.00 158.50
139.50 158.50
139.00 158.50
138.50 159.00
138.00 159.00
137.50 159.50
137.00 159.50
136.50 160.00
136.00 160.00
